2 5 2 5 8 2 2 2 6 6 5 8 7 8 7 4 8 8 6 1 2 5 5 3 7 2 7 8 7 3 7 8 1 4 2 4 1 4 2 7
24 96 95 54 17 33 41 58 2 77 22 41 76 73 56 49 53 95 84 28 35 97 83 71 74 18 44 53 95 44 5 98 56 35 57 39 38 83 77 86
5
8 4 5 6 4 5 5 4 2 6 8 8 8 8 7 7 6 2 6 7 3 7 6 5 3 2 5 2 7 2 5 1 3 2 3 7 1 1 3 1
79 95 59 34 22 41 92 15 59 62 83 3 49 14 66 70 73 4 12 17 95 9 71 2 5 30 86 32 38 76 39 87 91 27 15 97 59 57 69 25
5
1 4 8 4 1 3 5 4 8 6 4 2 7 4 7 1 7 2 6 5 5 7 8 3 6 6 1 3 1 7 5 4 8 1 1 2 7 1 5 5
28 32 46 59 11 75 66 98 85 67 93 34 60 40 15 44 15 97 76 47 72 95 20 23 28 34 67 10 1 36 94 60 46 20 47 2 76 5 81 96
5
4 3 6 6 5 5 2 1 8 8 7 2 7 8 8 5 4 7 8 4 4 8 2 3 3 6 4 5 3 3 7 1 2 7 2 2 3 4 5 5
33 36 78 40 11 51 11 21 69 15 24 89 66 2 92 6 52 26 1 51 68 77 36 45 94 50 101 33 47 75 86 8 64 76 60 68 49 5 101 61
5
3 4 1 7 6 7 1 2 8 1 5 3 8 6 2 1 7 1 2 4 8 1 4 4 2 5 8 5 2 7 7 5 5 3 1 8 3 8 7 2
29 42 62 42 13 18 23 49 66 18 27 62 63 12 19 57 21 99 76 95 51 32 98 30 68 8 95 42 70 22 18 79 87 18 39 9 86 63 60 52
5
2 7 5 2 8 2 2 4 6 6 3 3 8 5 4 4 7 5 4 8 5 5 7 6 2 1 8 4 8 5 7 3 4 6 3 4 8 8 2 6
30 49 11 8 44 49 72 23 8 84 80 47 75 87 34 67 53 49 101 57 94 2 34 4 84 8 41 55 33 48 42 64 101 66 86 51 21 65 68 62
5
6 4 2 2 6 8 6 3 8 6 6 3 5 6 4 6 7 7 7 4 5 6 3 7 8 1 4 8 6 4 4 1 5 7 8 1 1 5 7 2
70 26 5 77 92 62 42 82 95 16 18 14 13 85 73 69 101 10 81 66 23 28 50 21 39 59 29 90 65 98 47 81 19 14 88 4 18 27 55 49
5
4 3 8 3 5 2 8 6 4 3 5 5 8 6 6 7 6 7 4 6 6 5 6 4 5 8 4 6 3 4 8 6 8 6 6 8 1 5 8 1
100 66 53 72 5 37 70 65 100 69 4 54 55 9 53 42 99 87 64 38 97 74 65 12 18 17 51 43 95 7 30 61 12 4 81 80 31 21 15 80
5
6 7 1 4 3 4 7 2 6 1 5 4 1 4 6 5 8 2 8 1 8 4 1 1 8 1 7 1 2 2 6 2 5 8 7 3 6 1 2 2
81 77 68 45 57 40 73 51 79 87 31 52 69 17 14 81 26 42 89 18 11 56 76 40 75 2 79 60 15 38 54 80 15 76 52 75 30 22 68 7
5
7 5 2 2 3 7 2 1 2 3 5 7 5 2 1 6 8 7 4 6 4 7 7 7 2 1 1 4 8 2 4 7 3 2 7 6 5 8 5 5
65 79 7 65 27 75 12 15 55 18 55 42 78 55 27 59 45 101 11 3 79 11 96 57 83 55 78 29 23 32 51 18 40 37 95 35 1 77 36 51
5
2 7 4 3 7 4 7 7 3 4 8 3 6 4 2 7 6 3 3 2 3 7 3 7 5 2 3 8 1 4 8 8 2 6 4 2 3 4 8 2
100 88 21 86 74 48 67 68 99 4 68 90 91 28 33 43 75 98 40 96 15 4 22 30 80 58 62 65 59 35 4 21 11 23 61 60 39 14 6 44
5
4 2 8 6 3 8 7 8 8 4 1 1 4 5 1 6 6 4 2 4 5 6 2 3 7 1 3 5 8 3 4 2 5 1 3 7 2 4 1 1
37 3 65 49 6 13 70 41 80 58 60 4 84 33 71 17 45 8 82 74 33 55 19 93 27 98 89 62 93 84 22 55 85 76 7 62 100 40 56 15
5
2 1 3 6 8 2 4 6 8 5 3 5 8 7 5 7 4 3 4 5 5 3 1 3 3 1 2 6 6 8 4 6 4 1 2 1 7 2 4 1
29 68 22 53 96 64 84 96 61 10 87 1 99 45 27 71 44 99 57 78 22 54 58 55 60 55 23 56 90 56 94 66 27 90 72 92 29 82 59 62
5
7 1 3 4 7 3 5 4 7 7 5 3 1 4 8 7 3 2 2 5 7 7 3 8 1 7 4 4 6 7 6 7 1 4 6 3 6 1 3 1
9 5 59 57 22 25 87 2 24 98 8 79 63 22 84 58 53 61 39 76 36 23 34 18 8 72 96 45 51 8 43 22 7 23 30 88 73 40 49 14
5
6 8 8 5 3 3 4 4 7 1 8 2 6 5 4 5 5 2 8 6 4 2 3 4 2 5 4 3 1 5 4 5 6 3 7 5 1 6 4 5
21 35 27 17 54 82 44 11 76 81 91 74 75 32 17 17 71 92 28 46 18 65 55 41 70 47 80 7 4 90 27 78 70 67 39 52 27 44 7 80
5
5 3 7 6 7 3 8 5 7 2 2 8 8 4 1 7 8 6 4 3 5 5 5 8 8 1 1 2 3 2 4 6 2 8 4 1 6 5 3 3
55 1 80 76 89 89 92 19 19 82 66 12 51 32 1 71 12 56 39 22 21 48 69 65 85 48 17 33 37 17 22 22 14 93 11 92 77 57 24 4
5
2 7 7 5 5 5 6 4 4 6 3 2 4 5 5 2 4 4 4 6 7 2 3 1 6 4 2 7 6 5 5 3 1 4 7 3 2 6 1 5
26 33 91 17 73 72 13 29 15 78 52 66 43 28 49 17 73 70 25 32 54 19 8 2 41 11 91 57 92 63 8 56 50 1 98 34 81 24 26 43
5
5 7 3 8 3 4 6 2 8 5 6 8 5 2 7 8 6 6 6 1 2 8 7 3 2 1 1 5 8 6 8 7 5 5 6 2 2 2 8 3
46 2 64 92 89 72 74 88 51 99 77 24 85 27 43 43 18 82 3 97 27 89 101 90 19 66 30 24 70 85 56 14 70 52 29 76 10 8 78 99
5
6 2 5 7 4 3 8 8 8 1 7 4 7 1 3 8 2 5 6 5 1 3 8 8 3 1 7 4 3 6 3 4 8 6 5 8 5 1 7 2
87 75 65 79 21 87 91 48 57 54 79 85 19 70 58 52 40 24 17 53 32 27 64 87 53 40 20 73 31 77 86 37 45 32 14 24 53 59 28 47
5
6 8 5 7 1 6 8 3 5 5 1 7 5 5 7 6 3 4 6 1 3 6 5 5 5 5 8 7 8 2 5 6 1 5 6 2 4 8 6 7
97 71 44 63 28 34 9 21 76 57 56 13 79 46 2 8 91 95 35 19 77 21 49 14 79 4 43 47 81 14 89 42 91 89 93 20 29 79 68 91
5
2 5 1 7 2 1 4 7 1 5 1 8 5 6 1 8 4 7 4 7 3 5 6 1 6 3 5 1 4 2 6 5 7 4 8 3 5 2 4 8
35 93 92 70 50 58 94 51 17 53 37 59 46 23 81 97 47 12 76 55 17 61 79 36 41 96 42 13 62 11 70 48 90 53 93 66 101 45 87 14
5
8 4 1 8 2 4 3 7 1 4 5 1 1 7 8 4 4 7 7 7 8 4 7 1 6 1 8 4 3 8 5 8 4 7 5 5 8 3 7 6
56 29 59 66 57 23 6 28 42 13 61 35 93 13 93 89 16 69 71 45 84 46 50 70 60 10 97 4 76 75 91 59 36 66 28 4 16 4 83 89
5
3 4 6 5 6 5 2 4 1 4 1 1 8 3 3 2 2 8 7 8 3 6 4 1 3 2 8 7 1 7 5 6 1 6 8 8 6 4 6 8
54 77 59 38 45 9 71 65 35 89 66 82 48 71 78 23 74 70 37 81 22 47 63 100 29 40 62 79 90 48 40 1 35 10 77 25 89 34 47 27
5
2 2 3 5 6 3 5 7 3 5 8 8 5 6 3 3 2 3 8 4 1 8 8 8 1 3 2 6 8 3 2 6 4 3 3 1 7 7 8 6
41 21 51 70 85 2 27 88 9 34 20 91 7 24 100 25 12 84 35 50 43 41 101 66 96 100 44 83 59 98 63 82 67 75 79 35 89 76 4 82
5
6 7 1 3 1 3 7 8 6 1 6 4 1 3 1 3 8 3 6 2 4 7 2 8 6 8 1 3 8 8 4 6 5 1 4 7 6 1 6 6
89 28 23 35 1 73 40 93 42 85 10 38 10 36 64 70 65 12 95 61 65 72 55 7 50 32 50 87 88 54 64 95 40 19 8 97 78 2 13 90
5
5 5 3 1 2 6 5 5 8 8 5 8 5 8 1 8 6 4 6 6 3 6 1 8 5 4 3 1 2 8 3 4 8 7 4 5 6 5 7 8
4 19 28 6 16 28 34 1 77 32 74 44 9 58 39 11 91 36 52 3 96 6 61 5 52 69 11 11 56 31 23 51 29 46 42 70 82 94 38 48
5
3 1 5 3 4 4 3 3 5 2 4 7 2 6 8 8 3 4 8 5 5 8 3 2 8 7 7 1 3 4 3 7 1 5 1 7 1 4 2 4
53 56 56 36 18 38 12 14 56 99 50 52 31 74 28 16 63 28 3 13 3 44 28 79 18 85 73 36 97 3 77 54 58 77 99 25 49 55 73 15
5
3 8 1 1 1 4 5 7 2 2 1 7 3 1 5 1 7 4 6 3 6 4 2 5 6 5 1 6 2 7 1 1 1 1 2 6 2 1 1 7
1 78 12 4 50 24 72 86 37 85 12 27 80 34 79 24 68 33 32 95 37 48 57 101 1 54 7 39 20 65 60 11 51 51 82 15 93 67 17 100
5
8 8 7 1 6 7 7 8 3 5 8 6 2 6 5 4 3 6 7 8 5 1 8 7 6 3 6 3 6 2 7 8 2 2 6 1 3 7 8 2
15 77 87 3 22 41 91 82 9 14 80 90 42 100 74 26 7 24 94 64 19 76 81 68 43 65 1 27 29 95 43 15 70 86 15 27 6 59 79 45
5
4 8 3 6 8 5 8 6 8 1 8 2 5 6 6 1 6 5 4 3 4 2 6 1 1 4 6 1 2 2 1 4 1 8 8 1 8 4 7 3
79 33 33 93 44 95 39 93 11 18 40 100 65 29 60 94 71 88 21 89 82 36 4 6 50 71 10 40 87 32 63 8 90 61 46 51 22 50 8 47
5
3 5 2 8 8 2 2 8 7 2 7 7 3 1 5 4 7 1 6 8 2 8 4 5 3 8 3 6 7 3 1 1 2 1 5 5 2 1 4 1
51 90 74 57 45 31 37 42 29 56 101 84 46 55 59 16 12 25 78 10 79 10 86 87 17 93 52 1 42 61 31 85 6 20 47 46 24 74 93 90
5
4 4 2 2 7 2 4 3 5 8 7 3 6 3 2 7 6 5 4 3 6 1 8 4 1 4 5 1 3 2 6 5 3 5 4 4 1 8 2 8
40 59 62 11 43 76 13 70 97 98 97 17 63 90 80 82 82 91 24 32 95 98 31 34 56 46 95 10 47 1 11 30 89 87 63 69 50 28 73 94
5
3 8 3 5 4 6 4 5 1 8 1 8 3 2 3 2 3 6 2 2 5 1 1 8 8 1 4 7 5 7 8 7 2 2 4 5 6 8 5 6
60 30 45 87 48 24 46 96 6 82 52 82 90 32 26 22 91 37 24 70 8 96 36 99 37 6 4 51 54 26 41 61 19 16 81 17 2 38 15 81
5
8 4 7 4 1 5 4 1 2 4 1 8 3 8 5 4 3 2 8 5 5 8 8 7 5 6 8 3 7 7 7 1 1 2 8 6 1 8 5 1
101 3 18 47 89 22 36 5 39 43 68 44 80 31 73 96 5 89 81 58 88 80 58 65 68 86 11 32 93 98 93 67 52 13 46 40 53 83 42 77
5
7 6 5 1 7 1 7 8 7 4 1 3 7 2 2 4 2 8 1 6 3 8 8 3 5 8 5 7 6 7 4 3 5 6 1 8 2 2 2 5
14 27 68 27 57 89 35 80 81 80 60 63 19 47 63 9 11 54 11 8 40 8 57 32 18 45 41 28 47 70 23 75 52 51 86 52 87 76 37 17
5
4 8 8 4 7 1 7 6 6 4 4 7 6 1 3 3 1 8 3 7 5 4 1 3 6 5 1 5 6 1 3 6 2 4 7 1 6 6 7 7
65 52 51 53 11 32 76 34 77 88 59 31 63 10 91 77 62 48 41 42 3 34 100 22 30 41 29 16 53 11 70 69 6 3 64 80 35 66 71 44
5
6 4 6 7 5 8 1 5 6 5 6 5 2 2 2 8 8 5 5 6 6 2 7 1 6 6 4 6 8 5 1 8 2 8 8 5 4 1 7 5
95 43 64 62 60 88 46 17 76 24 99 90 70 87 43 27 21 48 6 57 47 9 41 23 17 21 47 26 13 91 8 72 14 48 79 97 60 11 92 90
5
5 7 3 8 4 1 3 1 3 8 2 8 4 6 3 5 4 7 4 2 7 8 7 1 2 2 7 4 4 4 2 2 2 6 7 5 7 2 6 7
31 2 61 99 91 100 1 9 44 82 43 39 15 71 78 50 80 41 53 75 67 19 65 66 22 74 88 73 12 37 78 19 94 1 38 8 24 71 101 65
5
1 4 8 6 2 1 5 4 6 6 1 5 6 3 2 5 5 2 1 1 3 1 8 7 4 7 3 3 3 3 8 4 3 3 2 1 8 1 2 4
15 5 31 41 78 78 96 18 98 14 56 8 18 46 94 40 39 79 70 70 42 81 70 17 23 88 85 53 4 81 90 80 84 39 40 91 97 13 49 67
5
2 7 1 4 1 6 1 1 5 4 2 8 3 2 1 2 2 4 8 8 6 1 5 2 7 1 6 4 8 3 3 8 1 5 2 7 5 5 3 5
41 10 26 27 20 34 41 92 100 53 75 10 67 49 89 83 69 11 84 88 88 73 69 98 24 11 59 18 91 19 7 95 13 46 62 91 87 9 70 28
5
8 7 3 1 6 2 6 8 8 1 5 7 5 1 3 3 5 4 2 8 8 6 4 5 2 6 8 6 4 4 6 2 1 4 8 5 5 3 5 5
53 90 49 16 16 32 17 4 69 19 101 73 25 16 61 34 99 16 77 48 89 40 58 53 23 97 84 101 66 6 17 40 4 24 1 29 45 58 41 100
5
5 3 3 1 2 5 2 4 1 2 4 4 1 7 2 5 4 2 2 8 5 5 1 7 7 5 8 5 7 8 4 4 1 1 5 7 4 1 6 2
89 87 44 27 62 18 42 29 40 85 26 42 2 10 89 7 69 5 82 42 11 45 89 34 84 71 67 63 27 35 88 81 63 37 82 54 16 4 25 69
5
1 2 6 3 3 6 3 3 8 7 8 7 8 8 4 4 1 6 7 8 5 5 7 4 2 8 3 6 7 3 3 6 5 8 2 3 6 1 5 4
94 20 29 63 75 43 16 18 43 34 94 46 46 16 60 65 8 41 78 48 97 52 88 29 70 35 90 5 46 45 98 61 60 67 47 68 82 30 39 56
5
6 1 7 1 7 5 8 2 1 5 3 3 1 5 2 8 3 3 5 6 5 2 8 4 8 6 8 7 2 6 1 5 6 3 7 3 8 3 2 2
24 56 7 16 87 93 57 66 51 38 46 25 41 13 55 73 23 43 15 101 80 42 100 79 12 83 74 81 97 61 96 8 95 54 56 28 29 95 71 38
5
7 4 8 1 2 2 1 3 7 5 5 6 5 8 6 1 4 3 2 5 6 8 1 3 3 3 5 7 4 2 8 2 4 3 6 6 8 4 5 5
75 9 7 46 52 73 82 6 11 78 45 73 27 75 49 2 38 60 62 49 50 20 23 37 20 75 18 27 99 11 33 16 46 77 100 56 25 66 40 79
5
8 5 8 1 7 4 1 3 7 4 1 3 1 7 2 4 6 1 5 7 8 8 1 8 8 1 6 1 8 8 1 8 2 6 8 8 3 7 4 5
89 87 13 78 35 29 47 77 92 30 5 52 92 63 51 20 22 12 83 40 22 101 73 43 16 60 39 18 59 94 36 94 75 96 62 9 53 85 88 1
5
3 6 2 6 5 4 4 8 2 2 8 2 6 4 5 2 3 7 6 2 3 1 4 3 2 2 1 8 2 8 2 3 7 7 8 7 2 5 1 7
55 4 58 91 74 71 71 90 88 39 52 100 8 5 9 41 20 26 73 7 21 52 34 82 64 9 28 17 57 5 81 66 10 73 90 65 85 44 62 81
5
4 7 1 4 5 1 3 8 8 5 4 7 1 6 4 2 6 6 1 8 2 6 6 8 5 7 4 8 6 4 3 3 5 2 3 6 5 1 4 7
77 14 81 79 18 51 14 65 16 66 18 42 94 59 17 18 18 33 43 78 76 95 50 80 29 65 71 46 28 50 83 63 19 69 2 34 79 89 18 20
5
5 7 1 8 1 6 8 7 2 5 5 3 8 8 3 6 3 8 1 2 8 5 4 1 4 3 2 8 4 6 4 4 2 7 4 7 6 4 5 8
19 98 37 56 30 24 45 21 36 25 33 28 42 94 87 82 92 67 100 69 96 72 74 97 62 92 8 93 12 37 22 68 94 12 51 64 10 54 13 10
5
1 2 7 1 5 6 3 8 4 1 7 7 8 8 2 2 7 2 6 5 2 2 6 7 6 6 1 3 1 7 5 3 8 2 8 4 6 3 3 1
87 20 34 36 57 51 35 3 82 53 7 19 9 33 40 44 3 9 27 4 68 57 8 97 20 51 87 94 3 77 97 77 42 35 72 4 73 77 9 9
5
