23 1 27 35 39
89 60 34 30 9
40
23 13 4 34 39
90 61 42 16 6
40
28 4 37 42 35
36 67 70 19 29
40
24 14 24 22 32
77 87 85 23 31
40
21 11 28 8 11
51 85 96 42 30
40
23 34 13 4 28
39 92 80 17 86
40
22 31 38 29 43
12 3 2 62 70
40
35 32 41 43 25
10 85 56 8 21
40
5 29 7 9 9
45 92 55 21 8
40
41 10 40 20 36
74 12 91 30 19
40
1 26 17 6 41
82 89 99 10 49
40
29 8 1 25 14
91 30 83 81 17
40
29 30 32 40 3
10 28 63 47 98
40
15 12 21 40 17
26 86 20 63 25
40
41 38 36 21 10
50 79 62 48 37
40
2 39 36 4 35
42 45 16 11 11
40
38 5 39 30 33
59 7 91 17 60
40
29 14 13 38 11
99 58 8 13 97
40
5 17 24 14 43
95 81 41 55 23
40
16 38 36 7 6
37 30 89 95 9
40
14 21 8 1 4
69 16 63 49 18
40
35 11 24 23 3
36 25 40 19 49
40
1 2 26 12 11
65 85 56 81 35
40
8 9 10 17 19
9 5 23 27 86
40
41 23 33 36 34
45 76 78 22 3
40
36 6 9 34 3
26 39 83 4 31
40
17 12 37 15 3
48 65 81 65 90
40
21 5 28 17 28
93 34 14 66 7
40
2 34 18 3 16
59 81 34 1 50
40
6 17 8 28 21
5 80 49 79 81
40
39 40 31 7 13
47 96 91 46 1
40
6 9 27 19 43
8 70 37 101 41
40
10 13 35 9 23
45 17 24 42 67
40
16 30 4 15 23
44 42 51 48 83
40
34 6 29 19 11
22 32 18 17 35
40
5 19 41 39 36
1 63 17 21 85
40
43 38 17 15 23
76 90 73 44 37
40
25 19 26 37 20
100 64 74 72 4
40
36 10 16 18 32
20 89 39 41 81
40
40 32 22 16 12
54 17 87 61 95
40
7 20 40 20 29
58 24 100 65 57
40
15 10 38 15 31
66 42 57 21 23
40
43 37 40 39 38
42 59 72 25 82
40
38 32 42 14 5
68 23 59 78 65
40
43 39 31 14 40
10 27 32 31 88
40
21 7 5 31 9
101 71 2 85 35
40
20 26 31 8 12
98 11 6 84 76
40
21 38 32 21 12
9 65 87 42 94
40
22 32 24 27 21
57 3 82 3 87
40
33 32 6 34 34
46 47 47 25 31
40
