72 67 12 40 70
85 72 55 32 85
80
2 63 61 29 46
77 30 8 25 75
80
29 30 5 16 76
17 11 52 13 67
80
7 31 67 25 22
7 2 62 95 98
80
4 9 8 69 38
56 19 48 100 100
80
31 39 65 57 81
46 20 99 52 35
80
3 55 8 53 15
4 28 15 41 69
80
77 68 74 63 54
36 48 61 30 76
80
3 61 70 69 53
33 67 22 93 68
80
39 6 49 38 65
80 57 11 14 21
80
66 63 60 61 16
86 66 55 73 85
80
56 18 19 1 44
31 28 98 22 98
80
61 41 43 15 12
31 8 18 74 43
80
52 60 53 43 70
38 29 91 1 80
80
82 63 45 27 37
44 51 95 38 101
80
14 73 73 66 65
24 70 48 78 66
80
64 2 43 10 27
27 72 57 64 45
80
76 42 73 76 50
45 86 64 11 6
80
11 27 28 60 60
28 99 64 18 79
80
31 48 38 12 27
9 72 74 8 81
80
43 13 39 46 20
98 99 48 93 25
80
43 77 35 16 39
17 15 22 58 96
80
79 15 70 59 29
74 19 91 91 89
80
41 43 40 82 75
5 74 79 77 84
80
69 66 29 28 24
63 58 6 4 20
80
6 43 36 19 23
70 41 10 2 12
80
52 67 39 60 59
87 90 15 81 14
80
18 41 63 5 72
11 37 94 61 32
80
35 38 66 57 69
3 30 7 33 66
80
73 48 73 48 72
18 96 76 86 97
80
32 44 19 74 53
43 53 64 8 95
80
31 5 71 43 80
30 61 70 83 80
80
23 10 59 47 16
53 27 1 80 54
80
17 47 9 64 21
100 92 50 53 35
80
61 11 33 48 76
9 87 5 41 78
80
79 40 48 11 25
94 45 22 44 97
80
69 70 26 56 80
79 5 35 63 66
80
69 6 47 76 40
54 12 7 95 6
80
13 30 56 27 64
92 27 15 23 87
80
2 15 70 59 62
8 66 91 19 54
80
55 69 10 32 39
16 17 71 92 30
80
42 55 34 74 52
42 60 98 33 38
80
79 47 42 78 22
78 80 20 55 89
80
78 11 60 6 44
93 43 78 46 66
80
6 66 50 71 3
76 72 29 86 57
80
53 11 65 65 3
92 46 8 68 30
80
81 38 50 68 83
53 37 34 58 83
80
35 81 80 52 35
35 50 32 60 8
80
44 2 48 23 78
60 42 17 83 49
80
23 51 4 76 39
44 8 91 22 21
80
