7 2 7 2 7 7 3 4 5 1 3 2 4 1 7 8 7 4 4 4
60 90 30 89 56 65 18 34 47 26 35 62 54 53 18 34 70 51 31 69
5
6 3 2 5 2 2 7 8 7 4 6 7 3 1 6 5 8 6 2 3
41 11 68 92 87 95 35 85 56 8 74 13 58 25 61 70 42 47 78 40
5
3 7 3 7 1 6 5 7 3 4 7 3 5 8 4 1 7 8 6 5
19 15 2 2 11 10 20 43 1 24 43 97 100 50 66 61 37 94 80 77
5
6 5 4 3 3 7 3 4 7 7 5 4 3 4 2 2 6 6 3 6
95 91 78 54 95 84 86 86 3 73 58 18 14 28 55 85 31 56 74 72
5
2 4 2 6 1 4 3 4 7 2 3 5 4 2 8 7 1 7 3 8
86 11 58 26 22 10 80 50 96 40 59 34 54 64 12 24 83 57 34 23
5
6 7 8 5 8 2 4 3 2 7 2 7 8 1 5 2 5 8 5 3
92 54 45 12 4 71 87 89 9 39 87 12 53 77 90 85 27 29 48 80
5
3 3 3 6 7 8 8 8 1 8 1 6 2 7 8 8 4 5 2 8
35 4 25 41 90 90 56 84 21 65 29 47 72 1 77 95 13 15 80 36
5
7 7 5 2 5 8 4 1 1 6 7 3 8 7 6 6 2 2 3 3
24 94 38 51 61 46 93 6 1 44 95 23 99 76 30 29 22 31 99 91
5
7 5 1 2 2 1 5 3 3 8 1 7 6 6 8 6 3 7 1 1
38 17 63 59 71 52 36 94 56 40 5 12 98 93 26 89 94 20 87 69
5
1 3 1 3 3 4 8 5 6 2 3 2 6 3 3 7 2 3 8 6
97 47 79 71 96 61 32 94 98 63 10 34 25 44 12 26 61 18 80 29
5
3 4 1 4 2 5 3 1 3 4 6 6 5 8 2 7 2 4 1 3
65 10 93 4 24 87 65 41 73 100 73 31 3 23 17 28 18 23 26 71
5
7 1 3 7 1 3 4 4 7 7 7 5 2 1 8 1 6 4 2 8
84 10 101 31 94 22 76 99 36 90 26 85 76 97 38 20 3 55 64 3
5
7 7 1 6 3 7 7 7 6 3 7 6 2 3 6 5 4 7 6 4
8 70 32 4 12 28 17 2 101 5 23 72 73 51 40 13 101 19 48 16
5
4 7 5 8 3 3 6 6 2 5 4 2 6 3 8 7 4 1 7 5
3 101 76 54 56 19 56 71 98 58 97 80 70 52 31 95 57 86 54 86
5
8 4 7 5 8 6 1 8 4 1 2 6 6 3 2 5 6 1 6 7
1 94 90 62 7 19 59 46 91 37 36 35 53 56 57 53 1 95 18 65
5
1 3 4 4 5 7 1 5 2 3 1 2 4 7 3 7 8 5 3 4
98 58 43 9 38 33 81 42 83 84 93 34 34 98 40 99 5 66 82 68
5
3 4 6 8 8 6 2 7 5 8 3 1 2 1 8 3 1 2 6 1
10 70 84 48 65 26 50 64 42 89 58 27 48 24 53 60 78 52 99 31
5
2 7 6 2 2 5 1 6 6 6 1 3 6 1 1 8 5 6 5 5
78 51 96 94 97 23 78 11 61 22 23 63 62 31 88 65 42 57 30 64
5
8 8 4 8 8 8 4 5 8 3 8 6 4 2 8 1 3 7 2 6
57 23 76 14 82 47 60 56 9 85 10 19 50 5 81 99 48 58 14 56
5
4 1 2 5 8 6 2 3 1 8 5 1 2 2 6 6 1 1 4 7
32 43 58 55 92 27 81 85 3 93 22 68 5 14 39 96 3 51 60 91
5
7 6 3 7 6 3 4 6 4 1 4 5 5 6 3 7 4 6 3 7
11 18 18 21 95 10 12 91 11 4 68 58 91 67 13 28 29 78 79 2
5
2 2 1 8 8 8 3 7 1 4 7 6 3 6 3 6 6 6 4 5
93 35 60 6 52 74 71 85 68 38 37 80 51 94 100 20 2 96 89 49
5
4 6 7 1 2 6 3 4 4 8 2 8 2 1 2 8 7 8 7 6
39 10 77 55 4 61 57 9 38 21 78 10 39 29 84 99 58 17 63 17
5
7 2 8 2 5 7 5 8 8 4 8 5 7 5 8 7 5 1 3 1
92 63 39 22 63 90 6 6 11 63 48 31 33 29 62 39 27 30 15 81
5
3 1 4 3 8 8 6 2 1 7 5 1 7 7 3 4 1 4 4 4
34 75 20 62 94 66 20 18 93 84 54 86 90 72 29 55 34 64 44 100
5
3 4 7 5 4 7 6 8 3 6 5 2 3 1 3 6 6 7 1 6
56 60 99 88 82 54 87 20 21 30 11 98 44 63 18 2 80 95 39 77
5
4 6 5 7 7 5 4 3 2 2 5 2 8 5 7 8 7 7 8 8
70 63 7 64 92 65 3 43 80 79 17 69 10 100 1 51 50 74 42 50
5
8 6 7 7 1 5 7 6 5 7 7 1 8 5 7 7 8 8 2 3
18 36 83 41 60 79 93 74 25 46 91 49 94 93 44 98 29 47 95 58
5
1 2 6 2 5 6 4 1 1 2 8 4 4 2 5 1 6 8 4 2
16 43 95 61 75 69 13 8 43 30 83 75 73 27 2 89 9 20 56 100
5
8 1 6 2 8 8 4 1 5 3 6 7 5 8 5 5 8 7 1 4
8 2 69 73 22 55 13 45 80 87 88 52 17 47 67 84 46 79 48 27
5
4 5 1 3 8 7 4 1 3 7 4 6 7 4 8 1 4 2 4 1
34 10 1 95 51 70 75 69 67 68 78 17 44 98 17 55 23 52 52 51
5
6 3 8 2 8 2 2 3 6 2 1 6 7 1 7 6 3 6 4 8
14 29 4 11 14 71 24 17 85 14 64 27 31 32 27 71 91 57 25 100
5
8 7 7 8 4 1 8 3 3 6 6 8 6 5 8 8 4 4 7 6
32 77 13 47 24 18 33 35 14 92 40 50 49 74 5 75 82 16 49 17
5
6 2 3 6 2 6 2 6 7 7 2 4 1 7 3 4 7 7 3 1
49 8 60 5 66 55 6 44 97 39 35 91 43 56 58 4 72 95 60 35
5
6 2 4 3 4 5 6 6 4 5 8 8 4 3 7 2 6 1 8 2
45 57 10 12 30 72 36 67 74 85 62 95 77 62 39 46 81 77 17 63
5
8 3 6 5 7 7 7 4 7 1 2 5 7 5 2 3 3 6 3 6
75 25 20 10 23 69 20 33 47 30 53 73 67 7 43 13 93 64 80 64
5
4 8 8 4 4 2 8 3 2 6 3 7 7 3 5 8 8 5 5 4
23 40 63 76 18 33 92 100 35 20 1 40 24 73 43 81 66 13 48 8
5
6 3 2 7 7 5 7 5 8 8 7 3 2 2 6 3 6 5 5 3
14 59 42 92 15 44 56 49 62 76 32 61 84 40 17 31 96 98 73 16
5
4 5 3 8 5 5 7 5 2 1 3 4 6 4 3 4 6 1 1 4
80 95 11 100 80 69 63 49 6 33 28 7 91 63 23 19 1 95 83 96
5
2 6 5 5 8 1 1 1 2 6 5 7 5 7 4 5 5 1 7 6
82 37 30 37 62 24 56 2 77 73 9 27 45 14 23 87 59 8 62 12
5
2 6 2 3 3 7 1 1 5 2 4 7 3 8 5 8 3 6 4 3
5 2 94 32 2 13 6 95 44 21 33 63 68 44 48 86 24 63 29 52
5
6 6 1 4 7 8 5 5 8 2 6 6 7 5 2 6 7 4 2 4
77 21 55 43 84 41 2 45 60 92 39 55 70 68 38 2 55 3 64 62
5
3 3 6 6 8 5 6 7 5 5 1 3 3 5 3 6 8 7 8 3
15 25 6 48 77 16 78 59 67 11 25 98 15 48 58 27 53 24 71 53
5
8 7 1 3 6 6 5 8 6 4 2 4 5 3 1 2 5 1 5 1
25 3 61 25 71 74 28 82 52 88 28 9 42 57 60 87 12 8 11 80
5
2 3 3 8 2 5 7 6 4 8 8 2 8 3 8 3 2 3 3 1
92 60 12 68 96 92 42 15 19 33 69 49 82 60 68 67 91 87 40 32
5
6 7 2 1 2 6 2 3 4 7 3 3 6 4 3 4 2 2 8 8
84 15 54 15 71 26 78 19 27 68 83 52 13 59 10 37 81 94 9 68
5
8 8 7 8 5 7 4 7 3 3 3 8 7 3 6 4 7 6 7 5
37 23 12 62 37 72 22 50 43 46 57 99 21 58 54 14 38 78 57 51
5
2 8 2 4 3 2 8 3 2 7 3 6 4 4 3 6 3 6 6 2
73 65 1 9 21 67 97 63 95 47 30 44 92 65 6 91 82 33 30 28
5
6 5 5 6 4 3 4 4 2 5 7 2 4 8 4 7 6 3 8 5
86 98 100 4 85 40 98 100 74 101 100 62 83 28 39 37 28 19 87 70
5
7 1 5 3 5 3 1 3 1 6 3 7 2 4 3 5 5 5 4 8
64 25 40 10 22 51 85 55 44 91 77 25 46 19 87 10 90 34 82 67
5
