3 2 2 4 7 3 6 8 4 6 5 6 7 1 8 2 5 4 5 8 7 6 4 6 7 8 2 8 1 6 2 3 5 1 6 1 2 5 5 5 2 8 6 6 1 3 4 5 6 2 1 8 2 4 8 5 4 3 5 1
39 21 30 32 92 60 37 57 72 81 17 88 72 85 36 41 48 52 66 40 58 61 14 1 69 23 31 84 4 40 23 67 15 58 82 15 34 22 15 41 73 35 27 81 101 42 95 83 70 29 57 68 89 27 35 11 30 42 5 15
5
8 4 2 1 8 2 8 6 7 7 2 7 3 2 3 2 5 6 4 8 7 6 1 4 5 6 5 1 8 6 7 5 2 6 5 1 1 6 5 5 1 1 1 2 5 4 8 4 1 7 5 2 3 8 3 2 2 6 2 8
86 61 33 12 81 5 21 51 87 68 50 56 42 56 12 91 50 42 92 36 52 67 10 57 59 66 28 61 26 23 93 30 59 42 33 94 19 11 81 24 54 14 70 90 11 77 95 17 32 91 50 53 57 1 13 49 89 25 47 18
5
5 6 5 1 4 7 5 7 8 2 8 7 2 4 3 5 3 1 2 7 8 6 5 4 7 7 2 4 2 4 1 1 5 8 2 6 5 3 8 4 2 7 4 1 1 7 5 6 6 3 1 7 7 8 4 3 1 5 3 1
11 16 40 38 57 11 55 24 52 4 97 70 43 11 96 66 3 6 53 55 15 46 82 90 64 43 72 74 67 16 41 64 3 90 59 21 78 1 88 79 28 3 65 39 88 84 6 100 57 28 8 100 5 51 50 70 23 77 22 28
5
4 3 4 1 1 6 6 5 4 4 4 5 8 7 5 3 4 2 4 5 8 8 3 2 1 7 3 3 3 6 3 6 7 8 1 2 6 5 6 7 2 5 7 3 7 1 8 2 3 4 4 4 5 1 5 6 7 3 3 8
42 89 76 81 38 20 50 93 21 33 77 88 18 92 100 67 24 36 57 73 51 1 80 15 90 80 34 15 5 14 48 38 75 96 30 70 96 76 55 43 8 28 52 42 36 96 8 70 77 93 38 30 63 30 40 25 37 17 101 82
5
3 2 6 8 4 1 5 8 2 7 6 4 3 7 5 1 6 5 4 1 6 2 7 8 6 4 1 6 1 3 4 4 2 6 5 1 4 4 5 3 2 4 3 6 8 2 6 3 2 6 8 4 7 2 4 4 8 8 6 5
12 5 57 41 24 61 39 59 48 31 101 26 74 16 96 83 97 15 67 78 46 95 11 32 90 30 79 50 65 90 14 54 38 66 74 81 54 89 5 20 4 23 68 73 99 4 56 79 10 81 63 45 94 51 95 34 81 83 86 15
5
5 4 1 8 1 7 4 7 5 7 4 7 8 3 3 4 4 3 1 2 5 3 2 6 8 5 4 7 3 4 8 8 4 1 1 6 4 8 8 5 8 3 2 6 2 3 7 5 4 6 8 5 5 2 5 5 8 7 4 1
92 92 47 60 96 63 35 64 99 25 68 96 92 56 22 44 42 37 76 18 97 82 50 55 21 47 60 89 49 25 62 54 91 89 56 87 13 50 75 8 78 50 88 57 75 69 11 83 14 63 38 45 17 77 87 43 26 74 29 77
5
7 4 6 2 5 7 5 3 6 1 2 8 6 5 4 8 5 6 8 7 5 1 7 3 2 4 5 7 4 2 5 3 3 3 2 3 7 3 6 3 7 8 1 4 4 1 5 8 2 4 8 5 6 4 4 1 6 6 2 5
62 19 98 77 50 66 50 44 79 21 55 32 90 35 79 47 15 55 79 23 58 68 67 69 55 98 93 95 98 30 84 46 75 85 58 27 14 74 96 92 83 61 75 19 75 11 3 97 39 73 43 20 60 39 40 42 73 95 61 87
5
4 4 6 5 1 2 2 6 7 5 5 1 7 5 7 7 3 7 6 8 5 8 6 3 8 5 3 2 5 3 8 8 7 4 1 6 4 1 7 4 3 8 6 1 1 4 6 6 1 3 4 6 3 4 7 4 7 6 1 5
79 53 30 39 49 62 18 65 37 41 66 72 24 87 39 101 85 93 73 19 70 6 84 53 41 36 18 95 60 96 14 25 92 14 8 53 77 71 23 79 30 18 12 8 16 34 93 48 76 101 61 94 96 1 11 13 46 45 1 32
5
4 4 7 8 7 3 5 4 6 3 5 2 5 3 5 1 2 7 8 7 1 7 3 8 6 6 8 2 3 6 6 8 5 4 3 3 1 5 4 4 4 6 1 8 1 1 3 8 7 6 5 8 3 3 6 4 2 4 7 6
4 20 74 67 37 62 61 63 70 26 39 66 26 87 8 67 80 43 79 16 62 18 93 98 48 18 89 29 57 39 71 16 86 101 61 3 1 3 19 43 19 12 35 5 28 35 55 42 33 11 25 85 35 36 40 6 7 46 61 60
5
2 4 7 6 6 8 1 4 3 3 3 2 6 3 3 3 3 6 1 6 2 4 2 1 7 8 4 6 5 1 3 4 7 1 7 7 1 5 5 4 6 2 7 3 7 4 5 5 6 8 8 6 8 7 2 1 8 2 3 6
94 2 28 92 5 33 40 56 75 79 10 92 41 58 26 68 69 91 21 54 86 28 100 2 63 65 22 46 79 23 1 34 81 85 38 96 58 80 44 74 65 70 76 46 95 45 88 57 31 9 85 48 63 22 22 32 13 38 84 51
5
3 3 8 1 6 2 6 2 7 6 7 2 4 6 5 7 6 4 4 5 4 1 8 7 2 2 7 7 4 4 2 2 7 8 6 3 8 2 8 7 5 2 8 2 5 6 4 5 6 8 6 8 6 4 7 5 8 7 7 8
40 14 99 46 39 97 36 59 70 93 3 59 35 101 87 66 63 94 92 39 55 61 46 99 82 23 71 89 68 37 3 58 100 8 64 24 8 57 21 11 26 26 46 72 10 92 46 50 63 43 46 88 11 9 7 24 85 80 84 37
5
4 4 5 7 5 4 6 5 3 6 7 6 8 4 5 6 2 7 8 5 8 6 1 3 2 1 4 5 5 6 3 3 1 7 3 2 2 4 1 2 7 7 7 7 5 5 7 3 6 7 8 2 5 7 8 1 4 8 2 7
24 2 24 64 62 29 97 90 7 11 26 78 40 16 27 35 22 13 62 7 59 69 97 34 18 5 7 77 55 58 86 3 14 14 87 34 65 47 10 41 69 66 64 91 29 68 19 35 23 43 51 23 9 53 11 24 31 44 34 34
5
8 1 5 7 7 7 1 7 1 8 2 5 7 8 5 2 3 8 6 5 1 7 8 6 7 3 7 3 5 2 1 4 2 8 4 6 6 2 3 1 2 7 3 4 8 8 7 4 8 4 4 6 3 1 4 4 8 8 5 6
69 99 92 55 70 91 63 85 56 64 51 60 65 79 57 5 58 76 60 62 93 45 41 44 70 98 1 63 3 57 23 7 96 34 54 29 25 30 69 20 4 84 29 93 75 2 81 81 9 23 29 31 37 57 53 30 39 82 47 36
5
2 7 4 3 3 3 6 8 6 8 7 8 4 8 5 2 5 8 2 7 4 5 4 7 3 1 1 3 2 7 4 4 2 8 5 5 5 5 3 2 8 2 3 4 2 1 8 2 3 4 8 1 3 3 1 5 2 5 8 3
83 47 71 100 49 93 85 93 89 96 69 42 98 86 19 47 94 1 101 78 63 85 53 59 88 96 100 80 4 24 87 40 31 38 96 26 13 79 49 68 76 70 36 98 100 54 41 73 45 58 84 4 83 38 48 83 10 21 100 68
5
3 3 7 3 1 6 1 3 1 1 3 2 8 1 6 6 1 1 7 8 6 3 1 8 6 4 4 7 6 3 8 4 4 4 2 7 3 4 6 2 6 8 8 5 8 1 8 4 8 5 8 4 5 6 2 6 7 6 2 1
25 3 29 71 21 53 100 51 71 89 41 60 68 8 48 77 92 48 91 6 77 19 32 58 41 99 36 26 41 2 69 72 70 48 1 79 35 90 85 38 67 77 91 70 57 93 35 24 16 61 34 17 87 17 100 42 53 2 72 16
5
8 8 7 6 2 5 3 4 1 6 4 4 4 6 6 4 1 4 6 8 4 2 1 5 5 5 1 6 1 6 8 6 6 4 8 7 8 7 6 2 2 8 5 5 3 2 5 8 5 2 4 5 3 5 4 8 4 1 8 1
39 50 45 76 95 86 94 65 5 49 96 33 82 7 48 68 10 85 6 26 35 94 9 71 87 57 2 19 3 72 78 32 3 58 32 100 66 13 39 99 77 67 16 74 75 55 33 78 71 94 7 13 16 11 76 40 36 60 49 53
5
1 1 2 5 3 3 8 7 1 7 8 3 2 4 6 6 4 5 5 5 2 1 2 5 7 3 6 3 4 8 7 7 4 7 6 8 1 4 1 5 3 7 3 5 8 2 6 4 3 6 5 3 2 8 4 1 4 6 4 3
54 99 9 40 96 39 1 44 5 18 68 96 70 95 71 34 49 36 51 34 38 3 28 90 65 9 29 42 2 49 58 23 69 66 23 37 1 36 54 93 83 15 58 77 33 52 85 54 36 32 88 14 48 78 3 43 16 76 33 85
5
4 8 8 2 4 7 4 5 8 7 3 8 1 2 7 6 1 1 6 2 7 6 2 6 1 7 5 3 1 7 5 8 8 7 4 6 4 8 5 4 3 3 8 2 5 5 3 5 4 6 4 5 2 4 6 5 6 4 5 8
60 97 12 8 50 35 29 92 58 86 66 33 44 20 12 95 70 74 25 76 90 98 42 59 55 17 63 7 40 18 51 97 83 95 88 94 4 90 70 6 12 49 32 74 101 66 88 92 34 53 47 76 90 43 55 3 62 32 51 53
5
2 8 3 5 1 4 8 8 3 1 3 8 3 2 6 6 5 8 2 8 2 7 7 6 6 6 7 6 1 6 4 3 5 8 3 6 2 5 2 8 4 6 4 2 2 6 7 4 7 8 6 5 6 8 6 3 8 1 3 1
10 42 83 66 48 21 63 57 91 75 34 30 4 43 22 88 86 52 82 43 29 16 14 68 79 54 46 26 91 82 81 99 53 19 53 100 99 33 71 83 37 52 53 12 99 52 86 89 8 42 99 11 69 73 46 11 95 43 22 84
5
3 1 2 3 4 6 6 3 8 5 8 8 6 1 1 3 3 6 8 6 6 7 4 6 8 3 5 3 6 1 1 3 4 3 8 1 3 8 4 5 5 6 1 1 5 7 2 8 2 4 4 8 6 5 5 6 5 7 4 1
22 66 86 91 88 96 64 94 101 28 38 100 23 83 21 81 28 5 10 27 59 59 69 39 28 59 30 76 100 7 81 29 92 71 34 100 92 55 45 80 52 98 35 25 53 91 23 97 4 68 51 26 28 36 10 60 7 70 25 37
5
5 4 8 7 1 5 1 6 2 6 8 8 8 7 3 8 3 1 2 1 3 5 5 5 7 1 2 6 7 8 7 1 5 6 3 1 6 6 7 3 2 5 1 3 5 2 1 6 4 1 2 3 8 5 5 4 1 2 2 4
41 2 34 81 65 44 3 18 60 87 92 99 19 101 37 93 11 61 92 61 98 88 26 68 89 56 69 52 46 98 58 76 5 58 38 63 57 3 30 62 76 86 60 42 12 52 32 25 79 83 8 92 79 52 62 67 23 4 16 10
5
8 2 5 1 2 2 8 2 2 1 5 8 3 8 5 6 7 2 8 3 1 4 3 8 1 6 5 8 6 3 7 5 7 1 3 8 1 6 7 6 4 8 2 4 2 8 8 5 4 5 6 5 2 3 6 7 3 6 5 2
92 34 6 17 98 42 41 81 100 31 62 69 91 74 71 69 53 36 42 70 38 77 60 76 73 45 36 48 69 63 73 86 17 86 14 36 89 15 15 37 74 7 16 27 65 72 95 69 57 48 40 37 11 74 2 26 7 35 87 94
5
4 1 1 6 5 5 3 5 4 5 6 4 6 8 3 3 1 1 5 7 8 8 5 3 5 8 3 5 6 2 5 7 2 6 7 4 4 8 4 8 8 5 3 1 2 1 1 5 8 7 8 8 6 2 2 5 8 1 6 2
7 95 71 52 56 96 31 96 83 82 75 25 60 17 61 27 29 77 87 22 50 29 55 22 18 89 14 82 74 96 27 32 82 100 74 40 53 85 74 98 45 34 61 54 77 100 46 78 84 63 3 35 76 11 38 53 33 45 48 92
5
6 3 7 1 1 3 1 2 6 4 8 7 2 8 4 3 3 5 1 2 8 6 3 1 6 4 6 5 5 1 2 1 7 4 8 8 4 8 6 7 5 8 1 5 6 5 7 6 6 2 7 7 2 1 1 1 8 5 2 2
89 10 76 23 14 31 66 11 15 1 47 55 20 76 13 62 29 37 48 83 67 31 21 26 66 50 44 40 29 94 4 49 11 99 68 101 46 10 13 16 20 89 81 85 1 19 12 78 62 40 96 50 27 91 41 65 19 71 78 59
5
2 5 2 7 3 7 1 7 7 5 1 2 7 2 8 4 4 2 7 1 8 6 4 6 4 2 3 3 5 3 4 4 8 5 4 6 4 7 8 8 4 8 5 4 3 2 7 5 4 3 6 1 7 1 6 7 2 6 6 4
34 86 57 13 99 7 91 12 56 44 47 69 92 53 19 26 54 73 66 66 62 59 12 101 41 23 68 69 13 62 31 19 37 38 30 23 19 57 17 76 2 62 34 79 12 99 3 82 64 28 37 55 80 65 26 14 88 16 13 59
5
2 1 5 1 6 2 2 5 6 8 3 1 7 1 8 6 6 5 2 1 5 8 2 6 3 1 8 8 1 7 3 3 8 5 8 5 4 8 7 8 4 3 3 3 7 5 2 5 2 3 6 6 7 8 1 5 8 6 6 6
18 57 97 55 96 35 101 19 42 2 69 18 33 5 55 33 98 19 59 81 52 76 52 9 65 34 35 8 80 34 57 22 90 42 89 28 8 58 3 37 96 69 97 22 96 29 42 56 67 34 21 43 43 3 17 42 31 79 2 93
5
7 3 8 7 7 4 5 4 6 8 8 7 8 8 5 8 5 1 6 5 5 1 2 1 2 7 5 2 7 8 3 3 1 8 8 3 8 4 7 6 2 5 4 2 8 6 8 1 8 3 8 1 8 4 5 6 8 1 7 5
95 95 6 53 88 87 51 40 65 29 45 92 62 4 36 44 22 59 37 8 55 61 87 15 69 69 41 6 19 6 46 90 53 61 84 82 96 84 23 11 57 37 98 2 7 95 35 82 68 29 35 26 90 84 3 13 62 86 31 55
5
2 3 1 3 2 5 6 1 2 1 5 8 6 6 2 8 8 2 4 4 7 2 5 4 1 2 6 5 8 3 8 3 1 7 7 5 5 8 2 5 8 7 7 5 2 8 7 6 6 5 8 3 7 2 5 5 3 4 7 1
43 83 24 24 54 28 9 4 95 78 100 28 13 6 43 90 42 23 92 61 69 69 76 7 69 57 65 100 101 98 67 92 66 77 55 37 21 15 70 53 80 101 97 21 21 53 76 86 50 70 69 34 59 39 36 94 42 6 55 91
5
3 4 5 7 2 1 1 5 1 4 4 2 1 3 5 5 1 6 3 6 3 7 2 4 2 6 2 5 4 2 1 6 1 1 1 7 4 6 3 8 1 5 8 2 4 3 4 3 3 2 5 1 8 2 5 5 4 4 8 4
18 6 58 81 56 101 78 10 71 6 54 72 11 99 94 42 22 82 8 92 9 92 100 22 4 82 99 13 22 26 43 89 61 44 75 6 73 72 80 15 81 41 99 82 21 1 85 78 100 96 27 6 32 64 73 19 86 23 87 64
5
5 2 6 5 5 2 3 7 5 1 2 7 1 8 7 7 2 6 8 2 4 4 4 5 8 5 1 7 4 2 3 1 1 3 6 3 7 3 6 1 4 7 7 6 7 5 2 3 5 5 3 4 1 2 2 8 7 8 3 8
78 9 85 5 42 9 29 58 67 59 49 56 51 27 12 81 24 76 86 41 55 8 95 12 84 9 49 15 68 62 86 18 6 60 1 6 31 15 62 88 31 69 76 15 94 60 26 45 71 90 7 32 11 64 37 35 58 100 79 67
5
3 1 8 6 8 3 5 5 6 7 3 7 4 6 2 2 4 6 6 7 7 5 3 8 6 3 4 4 4 3 6 1 5 5 8 7 2 6 8 5 8 7 6 1 3 5 3 6 8 2 5 4 3 4 1 4 5 4 6 1
17 12 44 96 69 43 72 53 3 21 81 1 53 20 49 35 45 68 2 99 53 32 61 36 89 24 83 84 56 63 22 48 7 74 72 12 82 101 30 87 91 101 70 25 49 67 73 94 68 65 49 3 38 14 92 66 89 58 32 50
5
8 1 3 1 1 2 4 4 7 8 6 4 4 4 1 2 4 1 3 3 7 8 6 2 5 3 1 6 7 1 2 5 3 6 1 4 8 1 2 5 8 3 4 8 5 3 4 4 3 6 2 7 2 6 5 7 5 6 6 4
5 18 37 61 59 27 30 33 52 21 10 18 5 99 59 5 62 71 71 15 46 42 57 16 22 81 75 43 70 70 89 73 69 14 54 72 52 13 59 13 89 60 8 62 1 40 59 4 79 88 101 75 32 97 93 98 82 101 38 18
5
4 8 1 3 7 6 6 7 8 6 4 1 2 2 2 5 3 4 8 5 4 2 2 2 4 2 3 2 6 1 8 2 5 8 3 3 8 4 8 2 5 1 2 2 8 8 3 5 4 8 3 1 1 4 2 2 1 5 6 4
73 61 17 6 97 22 27 32 47 32 11 11 67 26 84 18 56 25 78 86 34 11 55 56 31 73 62 79 64 96 28 31 78 24 97 90 5 75 73 97 87 1 58 87 66 30 63 97 66 20 95 8 61 45 4 14 64 70 45 25
5
7 8 3 8 2 3 8 4 3 6 7 2 6 2 2 5 4 1 1 1 5 2 3 1 1 6 6 2 1 1 8 2 1 7 3 8 5 8 7 4 3 2 8 5 3 8 1 8 7 6 4 6 5 3 6 8 2 4 2 6
84 54 36 87 87 69 20 39 56 48 40 55 63 37 23 77 37 38 92 72 52 101 76 65 18 47 40 65 23 26 83 85 58 33 41 22 77 43 34 90 2 59 22 38 92 86 66 73 22 38 1 94 77 36 88 27 66 88 41 74
5
5 4 3 5 7 5 5 5 1 4 7 6 7 1 7 1 8 1 3 6 5 6 2 4 6 4 3 5 7 8 2 3 4 2 7 6 2 2 4 1 3 8 7 3 7 3 1 5 5 4 2 5 3 3 5 1 1 8 4 4
60 99 13 46 99 90 78 96 83 92 68 88 12 6 54 50 19 25 8 14 40 21 36 54 99 14 38 87 42 63 68 82 54 76 53 2 91 9 100 35 87 55 5 3 31 5 94 63 90 79 66 14 24 52 14 88 28 83 69 5
5
1 7 7 8 6 2 5 7 3 7 1 4 7 4 2 8 8 3 2 6 3 5 4 2 4 2 7 3 7 5 2 3 6 2 7 6 2 4 1 8 4 4 8 4 6 6 2 1 3 7 4 2 5 4 8 3 5 5 2 8
18 68 84 20 58 57 63 3 75 12 55 79 93 72 29 87 49 30 99 6 71 34 19 58 10 81 82 47 96 62 90 81 88 25 82 65 47 59 87 77 24 12 34 81 22 41 70 44 68 95 96 65 65 66 36 39 43 45 53 86
5
4 4 6 2 4 5 5 1 8 2 5 6 8 2 4 7 5 6 6 8 3 8 1 2 6 8 7 6 1 5 8 6 7 3 1 3 3 5 1 4 7 2 3 7 4 2 8 2 3 5 6 3 5 3 8 1 1 4 1 7
30 82 73 4 100 79 90 64 6 23 46 70 34 64 41 17 43 36 99 42 76 48 3 23 3 94 94 40 41 1 17 54 18 67 99 92 76 38 55 13 101 12 59 99 51 2 62 21 56 20 47 33 32 62 55 62 4 80 4 67
5
8 1 1 3 7 5 8 6 2 1 7 7 7 3 4 2 3 3 5 8 1 7 2 8 4 7 4 6 8 3 7 4 2 3 3 3 1 5 1 7 7 5 8 4 4 2 3 5 3 2 3 2 5 1 5 6 7 1 1 2
94 69 14 37 68 79 34 58 95 97 41 97 22 72 54 8 77 78 59 36 25 41 46 62 35 16 15 68 4 79 85 98 28 95 17 26 70 55 40 73 67 12 9 55 40 83 49 13 98 84 67 76 86 76 85 38 14 39 72 19
5
6 8 5 3 1 4 3 3 2 8 2 1 5 7 7 2 3 5 3 8 1 2 2 1 3 4 6 2 8 2 2 5 1 6 5 2 2 1 8 1 1 1 3 2 7 1 2 1 3 1 5 8 4 8 4 3 4 2 2 3
69 62 4 68 13 67 3 59 13 3 27 33 27 8 40 25 72 12 60 60 46 14 50 77 62 32 7 63 99 44 75 2 79 46 90 77 82 94 78 54 50 59 5 92 66 47 88 48 79 85 47 64 80 88 94 73 32 86 22 79
5
8 2 6 6 6 1 5 2 4 5 7 1 5 5 4 6 6 8 3 6 1 3 6 1 8 1 5 3 4 5 8 6 2 6 2 2 1 3 1 5 8 1 4 7 2 7 8 7 4 7 4 7 3 5 1 5 6 8 2 3
24 31 10 85 30 70 60 50 56 75 49 94 37 35 44 52 71 51 2 7 91 62 77 75 8 93 16 74 69 95 66 62 96 25 70 49 54 6 97 66 93 38 64 17 81 94 74 80 17 46 100 43 19 25 86 87 7 67 6 30
5
4 8 8 2 7 1 3 3 3 6 8 7 3 7 3 7 8 7 6 2 8 4 5 4 8 6 5 4 5 2 6 6 6 1 5 8 2 5 5 7 1 8 5 5 1 5 7 6 3 3 4 5 5 3 2 7 3 7 4 8
28 5 80 81 81 11 11 61 20 35 62 84 90 83 11 82 62 59 13 45 13 9 63 52 66 35 75 12 23 42 25 76 13 99 77 47 85 39 93 30 62 62 35 79 82 38 62 94 10 80 92 15 19 98 94 16 22 44 92 63
5
5 6 3 2 4 6 6 1 3 6 2 3 2 6 2 4 6 1 1 6 1 6 3 2 1 6 1 5 6 3 6 1 2 3 6 6 4 3 2 8 5 4 7 7 6 1 5 7 8 2 8 5 5 2 3 7 8 6 8 4
76 6 99 71 51 91 23 10 84 99 87 45 77 68 30 42 39 5 100 71 43 66 51 85 21 68 32 27 27 91 56 5 77 46 75 99 26 35 35 31 38 82 21 65 73 47 69 24 20 50 29 3 7 50 65 54 12 28 34 2
5
5 7 8 3 7 7 5 4 8 5 2 2 1 3 3 1 6 4 5 8 7 2 3 3 8 1 6 3 4 1 7 3 8 4 6 5 5 5 4 7 1 2 6 4 3 8 2 4 3 2 2 5 8 4 7 7 6 4 5 2
90 92 49 15 88 16 91 10 27 74 29 29 44 83 38 12 83 94 83 82 15 40 67 89 7 93 64 76 48 79 98 41 57 87 57 29 37 19 45 30 6 69 51 27 26 77 25 19 36 94 72 7 13 26 12 54 8 49 74 64
5
6 4 3 8 3 1 4 8 1 4 5 4 3 4 1 6 5 3 5 4 1 8 2 3 2 3 6 1 7 4 7 5 6 6 7 2 4 2 5 5 6 5 5 2 6 7 4 2 3 5 4 6 2 1 3 4 6 6 8 6
60 34 66 96 8 79 70 43 54 49 24 20 40 21 17 67 3 71 11 33 45 101 51 52 46 50 70 56 44 61 53 50 87 84 68 12 17 37 40 76 29 29 75 27 20 34 38 39 30 15 37 66 84 7 25 94 71 37 87 23
5
7 4 7 6 3 8 5 1 7 2 7 8 1 2 3 7 3 4 6 6 5 4 4 8 5 2 2 8 1 7 6 7 2 6 8 2 8 5 7 1 2 6 2 7 5 4 5 6 7 8 4 8 3 3 5 3 8 2 1 7
13 77 53 76 8 48 52 22 65 43 6 91 69 15 71 75 86 49 41 45 53 51 61 21 40 33 95 9 11 77 51 11 79 61 82 49 39 26 47 11 96 81 11 55 43 90 80 26 97 65 73 99 81 69 24 27 34 19 76 6
5
8 8 4 5 6 4 4 4 2 5 7 4 5 4 6 3 7 6 3 7 3 3 8 6 4 8 5 1 3 8 1 6 4 4 3 4 6 8 7 3 3 2 8 5 6 7 8 4 5 7 4 8 6 1 5 6 1 6 6 5
37 10 80 88 66 13 51 23 20 57 90 14 63 56 94 24 73 22 3 65 94 6 52 61 93 63 97 14 99 19 48 12 70 30 41 98 97 3 86 3 73 75 42 72 30 7 43 62 44 96 78 27 100 8 69 10 7 15 19 55
5
5 4 4 4 4 3 6 7 5 5 5 6 6 8 8 4 5 8 2 8 4 5 4 1 7 8 4 3 2 2 6 5 5 7 5 7 2 1 3 2 6 6 7 1 2 6 4 4 1 2 3 3 3 1 5 4 3 6 8 1
38 30 71 67 24 22 74 59 53 61 55 45 81 77 9 1 17 50 88 67 86 26 3 77 46 45 53 14 7 7 15 54 94 58 18 13 58 14 60 30 65 74 84 101 97 35 47 55 21 75 29 82 34 98 16 99 73 37 47 98
5
6 8 4 6 3 7 7 3 8 3 4 1 7 4 6 2 6 7 8 7 6 5 2 2 5 1 6 8 7 3 1 2 5 5 7 7 6 7 7 1 3 1 2 6 6 5 7 3 5 4 1 1 3 2 7 7 4 6 8 2
21 13 91 16 25 5 22 6 67 43 94 16 77 89 20 70 77 77 47 73 66 7 61 45 3 65 32 67 31 56 96 82 50 29 22 86 9 26 15 27 5 36 24 21 59 66 71 64 53 83 97 73 45 45 90 84 87 76 71 30
5
6 2 4 4 5 6 8 5 6 5 5 5 4 2 1 5 7 6 7 4 8 6 6 3 7 7 3 3 5 8 3 6 6 2 5 3 7 8 8 6 7 8 7 6 1 7 6 3 2 1 8 4 6 4 2 8 2 4 6 7
79 33 19 44 42 86 67 88 43 89 8 71 50 56 23 88 74 18 54 48 75 8 85 39 99 69 30 60 80 82 19 84 33 20 97 85 78 52 95 71 48 87 2 81 33 10 75 19 83 39 35 100 37 18 82 12 23 33 22 34
5
8 2 3 5 8 1 4 1 7 8 6 1 8 5 3 3 5 3 7 3 4 5 3 8 7 4 6 6 3 2 5 7 4 8 8 1 4 1 8 7 3 3 6 3 1 3 2 7 7 8 7 5 5 1 8 1 2 1 5 4
6 51 5 86 56 77 80 44 38 93 35 100 26 2 68 45 73 68 57 30 6 24 52 93 4 29 101 86 49 3 95 42 3 35 5 46 81 90 10 13 78 35 92 69 53 35 20 21 79 30 23 12 18 20 1 5 67 25 74 2
5
