1 22 50 18 43
74 80 80 94 62
60
6 15 52 1 57
98 44 49 30 96
60
15 29 60 51 7
81 1 15 20 88
60
26 28 23 30 25
100 33 10 20 43
60
44 56 24 42 48
70 9 98 9 27
60
4 45 61 35 27
42 60 37 16 51
60
1 59 10 51 34
46 84 43 58 64
60
3 40 21 46 60
89 87 50 70 83
60
40 54 48 42 21
7 30 29 51 82
60
35 21 55 48 15
22 42 8 87 54
60
12 62 9 36 59
18 72 99 75 13
60
36 12 34 37 1
25 70 2 78 49
60
63 24 10 40 42
14 26 42 26 22
60
5 11 14 29 23
51 76 39 26 50
60
27 29 36 57 53
55 99 79 90 49
60
10 49 21 56 14
18 68 40 64 49
60
39 23 32 41 60
6 62 79 53 47
60
30 8 46 4 22
8 47 43 95 40
60
34 26 30 37 10
79 75 97 19 73
60
30 15 22 23 49
34 79 95 94 55
60
35 39 14 51 5
89 33 66 71 85
60
2 36 62 8 7
13 40 71 6 19
60
52 50 39 35 4
51 84 72 49 36
60
62 59 55 14 32
12 32 1 30 89
60
42 42 24 33 42
52 66 8 59 67
60
12 39 48 2 50
19 72 42 101 46
60
18 55 63 48 35
13 56 81 8 52
60
46 26 43 24 53
80 52 64 15 2
60
10 2 62 51 53
94 40 59 97 43
60
32 23 63 45 29
76 19 101 18 68
60
51 26 44 44 57
17 26 15 23 18
60
60 54 39 54 20
65 22 11 62 96
60
54 42 19 56 62
1 98 39 94 55
60
41 14 27 53 39
40 27 56 85 9
60
5 14 4 6 50
17 77 22 81 25
60
52 30 1 17 49
76 93 22 79 5
60
19 47 18 17 24
13 59 66 87 77
60
61 37 3 53 63
42 63 75 64 12
60
12 24 53 10 44
26 9 90 28 84
60
40 27 45 27 15
36 88 45 75 67
60
60 57 16 7 54
99 15 58 40 35
60
21 62 17 6 34
32 73 11 79 37
60
49 38 24 15 3
99 94 74 12 6
60
51 22 42 14 4
88 89 47 59 47
60
51 3 12 9 54
71 64 75 58 31
60
7 54 46 46 7
88 29 44 71 49
60
9 26 16 43 46
8 92 73 58 17
60
50 21 39 49 49
63 28 77 51 18
60
37 32 7 40 50
11 23 62 84 97
60
51 7 19 53 15
97 43 53 44 9
60
