16 118 122 59 95
86 7 62 33 72
120
59 52 51 101 44
88 2 64 41 39
120
6 103 3 65 4
95 23 40 16 82
120
60 92 96 71 72
88 77 46 35 17
120
85 76 93 2 53
51 50 76 45 43
120
25 93 93 93 39
49 23 55 85 46
120
21 97 20 47 14
39 22 14 83 87
120
60 31 57 95 67
92 64 27 95 54
120
34 44 23 79 76
11 99 1 90 60
120
98 37 94 114 101
81 71 12 75 48
120
120 22 91 48 40
83 90 49 5 31
120
82 95 3 95 1
73 59 76 49 26
120
111 99 65 88 94
24 92 96 62 48
120
80 43 89 62 68
86 61 38 35 78
120
48 41 120 37 1
27 93 77 36 76
120
44 66 89 23 20
35 79 44 63 11
120
116 119 86 49 10
101 49 97 96 39
120
89 30 48 91 13
34 45 38 32 23
120
113 50 43 71 3
57 92 50 56 42
120
88 118 115 59 19
65 86 46 99 61
120
53 24 33 14 22
95 89 5 15 69
120
9 9 60 72 103
45 96 50 65 31
120
37 97 94 44 34
89 13 1 47 6
120
94 112 38 54 116
57 59 15 2 94
120
50 30 92 109 20
83 78 58 95 65
120
99 117 29 85 62
45 34 2 85 51
120
61 62 26 98 96
85 96 56 39 25
120
94 43 106 21 49
63 71 20 69 44
120
27 34 69 82 66
94 54 52 40 68
120
85 84 109 113 77
1 41 50 20 94
120
25 15 109 116 14
84 25 92 34 96
120
58 82 22 50 112
57 3 12 78 41
120
45 39 63 44 28
88 48 51 96 84
120
39 70 49 23 80
26 91 43 51 37
120
9 71 118 78 61
3 66 76 81 31
120
70 119 10 121 27
83 46 74 65 3
120
65 89 94 110 120
53 54 43 22 63
120
62 112 47 45 48
101 75 7 101 67
120
111 93 112 46 16
50 65 10 46 13
120
55 8 48 54 19
2 92 69 8 73
120
103 23 89 27 18
70 14 59 5 71
120
57 2 33 17 21
70 48 95 32 32
120
8 26 50 18 12
27 64 31 22 59
120
81 64 15 20 13
93 74 33 24 47
120
7 15 80 65 11
57 54 22 42 13
120
6 94 42 100 72
78 6 85 57 15
120
49 113 98 67 35
25 57 83 46 78
120
97 47 63 97 118
80 56 101 21 4
120
17 2 89 59 34
16 48 79 88 25
120
57 19 51 71 58
11 25 72 8 43
120
