8 8 1 7 4 3 3 1 3 6 2 4 3 4 6 1 2 7 1 7 4 6 6 7 6 1 2 2 7 4 6 8 7 1 2 4 4 7 2 6 4 7 3 1 8 5 7 7 2 6 6 6 2 7 7 2 8 1 8 3 4 6 8 3 2 6 2 3 3 4 8 4 3 8 7 8 2 1 3 5 6 5 3 4 6 3 7 7 7 8 4 5 2 1 6 7 7 7 2 2 6 2 5 5 4 6 4 5 4 5 6 5 6 8 7 7 7 6 2 6
17 9 78 70 59 75 8 36 85 51 23 96 54 83 87 84 38 30 57 72 74 35 23 79 26 54 63 49 51 69 73 54 31 98 82 25 74 52 21 80 48 63 36 36 85 43 3 18 97 93 48 60 94 74 68 90 74 100 83 18 13 49 19 55 80 99 80 6 90 23 72 7 80 101 37 14 65 44 84 68 56 33 4 82 2 1 44 13 49 100 97 92 70 39 38 53 3 7 50 13 33 79 5 66 45 41 46 15 43 98 4 74 5 83 45 27 100 37 57 47
5
1 1 2 5 7 5 4 7 7 8 4 2 8 4 4 5 8 7 5 4 4 5 2 5 5 1 5 8 1 6 7 3 7 3 5 2 6 4 1 7 4 8 7 4 8 2 8 8 8 2 5 8 2 1 6 5 6 7 2 4 1 8 6 6 3 4 5 3 2 4 8 4 2 8 8 6 4 2 8 3 8 3 8 8 8 5 1 7 7 6 3 3 3 3 2 6 2 1 4 8 8 7 6 6 5 2 6 3 7 6 7 4 3 3 7 2 4 4 6 2
85 61 10 99 98 31 63 54 33 28 32 42 50 49 91 31 67 55 22 4 84 75 26 86 87 91 51 23 28 2 99 26 7 35 38 4 77 24 47 33 24 40 93 58 89 64 48 88 97 80 2 58 72 23 22 100 39 12 10 39 46 2 14 36 5 43 93 97 25 61 64 51 75 64 12 70 81 49 43 92 39 23 9 38 13 96 9 50 93 33 73 72 94 12 62 95 72 43 63 57 84 49 78 87 77 36 99 26 11 62 60 34 70 51 27 49 95 56 26 39
5
6 7 5 4 1 2 5 3 3 2 4 1 5 3 3 8 5 2 5 5 5 5 1 6 1 4 2 6 2 7 8 5 3 5 4 5 4 8 4 4 4 4 8 7 2 4 3 8 4 8 6 6 5 7 3 6 5 4 4 4 3 5 6 1 7 7 1 1 1 7 1 8 7 8 7 7 7 5 7 5 2 7 3 5 8 6 4 8 8 2 8 7 5 5 1 7 8 7 4 2 6 8 7 6 2 6 3 8 8 5 1 6 5 1 6 3 4 5 5 4
16 84 24 75 76 78 63 101 14 77 27 72 59 86 52 7 67 5 69 58 73 30 90 38 21 99 41 39 7 82 24 4 53 13 81 80 16 29 75 101 31 52 89 39 90 82 17 91 35 29 91 86 66 26 62 85 38 7 78 5 55 26 74 1 33 77 12 52 47 55 38 9 88 82 10 16 18 98 74 19 42 83 3 92 6 52 49 38 75 62 68 49 14 26 63 87 67 96 1 53 77 74 47 47 65 28 11 7 3 100 39 31 89 84 12 7 32 47 70 70
5
2 1 2 4 1 4 5 1 4 8 1 7 5 6 3 7 3 1 4 5 2 5 5 1 5 5 3 5 2 6 5 1 5 6 6 2 6 2 3 3 2 1 6 3 2 2 6 1 1 2 1 7 4 4 8 1 4 5 2 5 1 4 3 5 4 7 7 3 8 5 8 8 3 7 8 5 3 6 7 2 3 1 6 1 5 8 1 4 4 3 8 7 7 4 6 6 1 4 8 7 3 4 6 5 6 3 3 6 2 8 7 4 5 5 4 8 4 7 3 8
55 54 36 53 35 55 9 69 72 64 75 48 100 17 48 63 90 81 66 67 71 68 25 32 90 36 7 83 36 99 100 64 37 59 70 48 44 93 83 36 16 33 49 13 66 81 45 85 77 50 46 34 40 77 58 26 55 8 64 78 72 9 7 90 89 85 98 73 8 5 69 25 86 39 48 93 14 29 13 70 74 65 56 36 6 36 57 74 84 42 3 15 32 45 55 59 36 33 18 62 56 15 76 34 7 76 20 70 84 38 45 64 77 32 96 21 15 81 98 19
5
1 5 7 6 1 2 6 8 3 5 3 3 4 1 6 8 1 4 3 2 4 1 3 8 6 1 8 1 5 4 8 5 7 1 4 1 2 5 3 6 1 6 1 2 5 4 8 2 1 4 4 8 8 2 5 7 8 5 6 3 3 6 8 8 7 6 2 5 5 6 2 6 4 5 8 4 8 5 4 7 8 2 5 8 4 7 3 1 2 7 1 6 5 4 5 4 7 4 6 6 2 8 5 5 2 4 4 6 5 4 4 3 1 2 1 5 1 2 4 3
96 90 67 13 51 65 88 101 64 88 28 74 100 45 36 47 82 1 58 36 8 39 2 25 88 42 52 9 56 37 56 55 19 62 86 31 11 16 20 23 58 35 43 78 94 75 55 24 57 2 42 86 86 86 37 45 5 54 54 86 62 17 60 87 35 57 70 50 82 88 72 5 6 87 81 60 20 86 84 71 4 5 42 75 23 37 51 101 33 73 53 90 55 82 5 98 74 46 5 35 60 66 72 3 46 70 67 44 47 1 38 13 41 57 2 11 64 62 34 83
5
5 4 3 1 1 5 3 6 5 2 2 3 8 4 7 4 1 7 5 2 3 8 1 8 6 6 6 3 3 3 2 8 8 2 5 5 4 4 4 2 3 8 5 1 4 4 8 5 2 5 6 1 7 7 7 2 3 3 2 2 3 7 6 2 3 6 2 2 2 8 1 5 1 3 4 6 6 3 8 5 5 3 2 4 5 2 5 5 2 3 2 6 5 8 5 1 6 4 6 8 2 8 2 6 4 8 7 4 8 8 3 5 7 5 4 5 2 3 7 6
69 76 79 11 42 15 97 51 40 74 10 73 49 45 88 42 19 79 77 11 12 85 2 38 53 85 101 87 83 25 10 42 92 28 62 24 77 8 18 57 84 59 79 20 84 5 27 39 94 51 48 18 26 50 88 79 6 31 10 82 71 26 38 44 4 28 86 4 96 26 2 89 67 64 22 61 76 72 74 74 66 29 14 59 86 70 85 63 50 67 80 46 62 55 28 77 93 73 42 41 72 88 71 53 20 90 41 77 10 95 23 22 93 34 83 22 85 64 76 36
5
5 6 6 2 6 6 5 3 4 3 2 4 2 3 5 3 2 3 2 6 5 6 6 2 7 8 6 3 5 2 3 3 2 7 7 1 3 6 5 3 3 8 1 3 8 2 7 7 8 2 8 8 5 7 3 5 7 1 3 4 1 5 3 2 7 2 6 7 4 7 5 4 4 3 3 1 5 3 3 7 8 1 8 5 6 6 3 6 5 7 2 3 2 7 6 1 5 2 8 3 3 7 5 2 2 6 8 3 3 4 6 1 2 5 2 4 6 1 3 4
34 74 34 55 94 23 9 81 17 42 55 96 55 57 28 33 21 59 77 10 63 63 79 34 29 67 70 60 46 84 80 86 82 53 94 48 20 67 80 90 29 55 76 43 83 8 78 42 36 14 99 33 97 89 51 29 63 85 97 98 29 4 53 35 22 22 21 15 7 20 7 40 38 14 63 22 84 86 96 98 34 47 66 101 15 50 51 13 95 22 39 5 21 41 17 5 37 16 11 18 84 55 36 47 43 18 54 17 26 72 64 21 82 31 36 55 55 82 43 47
5
8 3 5 2 5 1 5 7 1 4 3 8 4 2 8 7 7 8 5 1 5 8 7 4 2 8 8 8 4 1 5 5 7 4 6 8 5 7 8 3 5 6 7 6 3 7 7 7 4 4 1 7 5 7 3 7 8 3 1 6 8 7 7 2 5 7 1 7 2 5 1 4 1 8 2 7 2 4 1 8 5 5 5 4 7 2 2 2 7 7 2 4 5 2 6 6 1 6 3 1 5 4 5 8 1 3 2 1 6 5 6 7 2 1 5 7 8 7 3 7
94 28 89 3 50 72 47 16 5 50 75 35 40 87 58 97 65 84 33 86 85 42 78 34 77 84 35 63 68 99 26 46 85 10 56 86 17 38 47 19 9 94 98 54 5 15 48 96 83 58 88 16 85 89 42 71 88 60 40 44 59 93 65 75 35 68 7 56 59 45 12 91 69 83 13 69 61 41 98 81 97 11 13 99 74 37 68 70 51 85 58 96 88 33 40 37 16 99 99 38 75 72 27 63 73 18 88 45 78 32 35 14 71 52 88 96 10 49 38 75
5
2 1 8 4 7 8 4 6 5 8 5 3 7 8 5 2 5 1 7 4 8 7 7 7 6 1 6 6 1 8 2 2 3 2 3 1 1 4 3 2 3 4 6 3 4 5 5 7 8 7 3 3 1 8 5 6 7 6 4 4 4 6 3 7 6 5 2 4 7 5 4 5 6 6 1 5 2 4 3 8 2 3 6 7 1 6 2 8 8 7 2 1 5 3 4 6 2 8 2 5 2 5 2 2 6 2 4 5 3 6 3 3 6 4 4 3 3 7 8 4
10 80 9 76 42 92 68 85 20 101 88 79 57 75 36 40 85 57 48 60 60 91 28 50 100 6 20 64 101 45 74 12 27 77 37 42 5 60 5 90 72 5 47 27 39 38 70 51 76 86 89 87 10 25 78 79 9 69 41 53 61 27 78 27 23 16 17 93 64 71 96 17 86 52 14 7 67 47 46 11 23 78 30 75 60 95 85 85 78 48 91 2 62 18 84 94 68 76 67 8 77 34 39 46 86 33 62 35 85 40 56 81 38 70 3 13 36 73 77 88
5
3 5 6 2 8 7 8 8 4 4 8 1 1 4 2 1 8 6 1 5 5 5 5 1 4 2 2 6 3 6 2 8 7 4 5 8 8 7 2 2 1 3 2 8 5 5 3 3 1 4 5 8 7 7 4 1 2 7 8 8 4 6 7 6 3 1 5 2 7 6 2 2 7 1 7 5 1 5 8 6 6 3 5 6 5 2 1 8 5 8 8 1 6 4 2 7 3 1 1 3 6 3 3 3 3 8 7 2 4 1 4 1 7 3 5 5 4 4 7 1
69 25 54 98 94 53 56 11 8 37 85 72 100 9 80 50 94 72 91 1 19 82 28 10 6 41 70 91 62 58 87 6 18 36 62 24 32 37 74 67 67 21 45 4 19 31 70 96 78 30 63 61 38 48 80 37 67 72 83 49 97 21 27 50 79 50 57 80 13 97 44 60 55 16 51 12 40 31 16 43 35 70 4 24 37 17 47 42 98 41 23 35 43 59 98 24 81 80 64 61 54 98 51 10 94 100 62 91 90 57 1 76 41 100 63 34 9 93 84 84
5
7 6 7 3 3 1 1 1 7 2 2 6 1 1 5 7 1 5 8 3 6 4 3 5 8 1 2 2 3 8 8 8 3 2 8 6 2 1 4 7 6 4 1 7 7 1 1 1 4 2 5 1 2 8 1 5 4 1 2 5 6 7 1 3 8 5 4 4 1 8 4 6 1 5 2 7 5 6 1 5 1 2 8 5 7 5 7 1 6 6 7 4 4 3 3 7 3 7 5 8 5 2 4 3 1 2 4 2 7 2 7 7 8 4 6 5 2 3 5 3
100 91 75 23 74 20 50 37 46 61 97 15 81 13 26 22 72 92 44 12 63 82 16 75 47 90 24 31 56 35 87 64 91 18 26 87 29 22 29 72 100 25 71 23 61 49 51 13 75 84 54 85 88 34 54 34 36 28 5 86 87 36 83 77 93 22 58 63 97 78 47 62 40 34 21 24 83 15 3 89 98 45 16 69 80 100 96 65 61 11 100 60 23 12 31 61 92 16 70 73 13 29 92 91 39 101 19 95 19 63 91 37 10 41 71 26 80 37 56 87
5
7 8 3 7 4 6 7 5 3 2 7 8 8 5 5 3 5 3 1 3 8 6 1 4 3 7 6 8 8 3 5 6 4 8 1 1 3 8 7 7 5 8 6 8 8 6 4 3 1 8 6 2 2 8 4 3 3 5 8 2 8 2 8 7 8 1 7 4 3 4 5 5 1 4 1 3 5 5 3 6 1 5 3 1 5 4 6 3 2 7 7 1 8 6 3 2 5 6 5 1 7 7 7 6 1 3 8 7 6 4 3 2 5 3 7 1 2 4 2 5
43 65 23 7 72 32 2 8 88 9 94 99 59 11 21 97 89 17 63 64 7 50 40 22 94 29 99 60 90 35 18 32 3 64 87 67 55 5 28 31 99 54 81 99 46 4 16 27 52 73 79 39 94 101 70 8 50 86 49 89 64 39 35 26 60 49 24 19 33 12 69 85 98 24 22 93 91 32 68 79 55 28 31 45 91 53 73 47 41 95 101 54 97 25 35 23 56 94 41 1 12 33 23 76 45 16 24 43 25 80 68 83 16 57 55 4 100 6 43 4
5
8 7 4 6 6 7 6 6 5 3 3 6 6 8 7 5 4 7 7 5 1 2 7 7 5 2 2 5 7 2 7 7 5 7 4 2 3 4 8 3 1 3 1 7 3 7 1 4 6 5 2 4 5 5 7 4 8 1 1 6 4 3 7 4 2 2 8 1 8 6 1 4 8 1 1 8 8 6 2 6 2 2 5 4 6 5 3 7 4 4 1 5 7 1 8 1 8 1 8 8 5 7 5 1 8 4 3 7 4 1 6 6 4 2 5 3 4 1 4 4
6 2 66 60 79 47 43 75 88 96 81 82 97 74 81 9 82 78 91 28 52 4 81 4 100 93 13 11 60 69 48 1 37 44 14 68 10 2 58 49 36 22 76 12 73 73 49 72 47 90 58 68 86 47 32 34 2 74 64 78 26 14 77 3 36 93 28 22 42 53 92 54 93 83 13 46 32 81 38 65 72 90 17 51 1 3 33 29 81 94 41 18 65 92 59 33 70 42 86 96 77 19 44 99 8 85 99 52 88 96 82 1 90 15 78 58 41 83 17 69
5
5 1 4 3 5 3 2 1 2 7 6 6 7 4 6 7 1 7 3 7 5 6 4 6 6 8 5 1 3 2 7 5 6 6 7 4 7 7 5 4 2 6 7 7 3 8 8 3 3 3 4 4 3 1 7 4 2 6 7 1 7 5 6 6 4 4 2 6 3 2 8 7 1 5 3 4 3 3 5 3 1 3 6 6 5 8 5 4 1 1 6 4 3 1 7 5 2 5 6 4 6 1 8 6 8 8 7 5 7 4 5 5 1 6 3 3 5 1 7 8
11 45 74 46 98 16 62 95 73 27 14 72 35 69 4 37 19 101 72 95 66 8 59 51 27 60 36 82 92 101 33 86 48 66 61 10 66 33 12 31 35 59 21 49 94 75 52 90 83 50 26 52 38 59 76 42 82 3 18 25 27 21 87 23 63 90 84 49 68 29 12 45 2 45 75 15 86 83 100 32 32 65 83 58 99 3 31 23 97 32 17 49 35 42 69 35 9 82 7 53 72 36 88 84 53 77 14 24 94 22 19 94 43 71 66 7 12 61 22 97
5
5 7 1 2 4 8 5 7 1 3 8 8 7 7 3 8 5 8 3 7 7 6 8 5 1 5 2 5 1 8 8 1 4 1 7 3 4 3 8 3 5 3 1 5 1 5 1 7 3 6 7 6 3 8 8 7 5 5 1 5 1 2 5 5 2 8 4 7 1 5 3 8 5 4 6 8 4 6 4 4 4 5 4 3 1 7 1 3 3 7 4 8 7 4 8 7 1 4 5 7 1 7 7 6 4 8 1 3 3 5 5 4 5 2 8 7 7 8 8 2
53 86 96 56 24 25 97 90 99 73 13 20 12 18 66 88 81 49 71 42 61 8 87 34 28 29 37 30 90 66 25 72 45 84 66 16 9 41 72 86 40 90 21 38 25 80 71 68 42 45 30 94 18 38 97 95 69 17 1 72 69 36 65 43 89 14 24 60 72 93 48 41 48 74 98 53 98 25 7 53 9 81 36 38 86 51 64 50 32 70 35 83 42 16 17 89 16 38 58 76 6 19 77 26 84 28 16 23 11 92 12 65 68 16 94 77 24 40 1 96
5
3 5 7 3 7 4 4 5 1 4 3 8 8 3 4 3 5 1 3 1 8 1 8 8 2 2 1 8 6 2 1 4 8 2 1 7 3 6 6 5 4 4 3 6 3 1 4 8 1 8 4 7 4 7 8 5 5 2 3 3 3 6 4 5 3 6 1 2 4 7 7 7 8 7 2 3 7 1 4 6 5 6 3 8 4 1 3 7 7 4 5 4 1 3 6 3 2 2 8 2 5 7 4 2 7 3 1 7 2 1 3 3 6 7 8 5 1 1 7 8
11 68 77 58 99 1 70 88 79 30 54 58 50 10 98 41 96 39 95 69 56 48 55 41 53 91 98 18 100 53 82 55 25 82 41 60 100 58 58 45 90 60 64 35 31 90 4 55 100 97 8 67 35 71 10 20 45 44 13 13 93 95 78 50 42 96 3 95 56 65 42 59 22 99 56 96 79 87 85 26 85 90 36 52 62 84 12 72 82 59 3 39 64 7 60 10 96 59 91 9 72 68 5 81 11 48 78 16 77 33 37 6 21 28 10 75 84 87 17 11
5
1 6 3 2 7 3 1 6 8 8 1 5 7 1 3 5 1 1 8 3 3 4 8 3 3 3 5 5 8 3 4 3 6 3 5 7 4 6 7 5 5 1 1 6 8 5 4 1 2 8 8 5 3 8 5 4 4 1 2 8 1 3 3 7 1 1 6 4 8 2 5 5 2 8 8 7 5 1 3 8 6 3 7 6 8 4 4 6 7 7 5 5 7 7 6 5 1 7 3 8 6 5 6 8 4 1 1 4 6 5 6 2 5 2 7 2 8 2 8 6
7 28 59 38 79 56 7 72 97 68 63 30 78 67 16 15 9 4 54 30 55 15 92 29 25 74 28 69 32 85 34 28 11 82 5 38 7 61 31 52 82 71 99 76 49 8 24 60 14 72 43 6 4 79 31 93 33 24 79 88 61 82 54 75 63 58 80 79 5 18 76 64 88 93 88 48 93 86 89 101 96 2 43 3 87 55 60 30 22 21 38 10 60 90 36 54 36 60 76 84 99 76 95 68 71 74 42 72 89 72 80 29 38 28 43 2 85 6 79 83
5
5 5 7 2 8 2 5 3 6 6 3 5 3 3 8 6 4 4 6 4 3 5 7 7 3 6 2 1 1 5 5 7 7 4 3 3 5 5 7 7 3 4 4 4 7 5 8 4 1 3 4 2 8 7 3 2 2 4 5 6 6 5 2 8 7 5 6 6 6 2 1 6 1 6 6 7 2 5 7 7 3 7 4 5 6 6 8 1 7 6 2 2 7 8 2 5 8 4 5 6 1 8 6 2 7 8 5 7 8 3 4 5 6 5 8 6 5 2 1 7
101 96 69 81 20 2 89 69 69 72 38 98 83 5 88 95 30 36 6 85 70 62 55 71 14 13 63 89 76 75 77 92 101 50 71 22 19 56 86 47 87 47 27 41 85 98 45 56 55 45 46 58 20 21 87 69 43 82 82 22 34 2 80 58 31 97 90 20 47 2 51 63 34 6 3 81 55 82 33 81 79 43 26 86 96 9 97 100 47 17 26 30 5 71 81 5 65 43 53 59 78 15 98 44 9 97 60 4 68 22 41 47 51 18 27 92 30 82 42 75
5
1 2 5 6 6 8 1 8 3 1 8 7 3 8 1 1 3 7 3 3 2 6 6 1 5 8 4 1 8 1 4 6 1 1 1 3 5 8 1 5 8 4 8 3 7 7 4 7 8 3 4 6 2 7 6 3 8 3 4 5 1 6 5 8 2 7 4 7 7 8 4 7 6 2 7 7 4 1 3 8 5 5 5 5 6 7 5 5 1 7 4 1 2 6 6 8 1 8 1 3 1 4 6 5 6 2 3 4 4 8 7 6 2 1 4 4 4 5 5 6
23 62 17 87 13 65 22 88 74 97 96 93 41 49 28 7 61 101 17 35 99 54 98 86 90 31 7 81 48 87 35 57 88 8 64 75 101 35 81 62 94 2 51 18 29 34 1 16 77 8 66 4 20 20 50 86 89 61 41 93 85 19 69 42 55 14 1 85 29 37 72 19 3 88 27 20 45 14 68 9 81 48 34 42 24 61 44 38 64 60 5 54 83 61 94 34 12 42 91 32 84 82 49 52 78 26 24 29 28 16 39 21 51 77 99 49 7 12 81 12
5
8 5 4 8 3 6 1 7 6 7 6 5 1 1 4 6 2 2 7 6 2 4 1 8 1 7 4 8 2 8 3 8 8 2 6 1 3 1 2 8 6 4 7 8 2 5 5 3 3 3 5 1 7 1 7 5 3 2 7 6 2 3 2 6 8 2 3 5 2 7 3 1 2 8 3 3 4 2 3 7 6 6 2 2 1 2 5 1 7 8 8 2 1 6 8 2 1 1 2 1 6 6 2 6 5 7 4 4 4 2 1 4 8 5 7 4 5 8 8 8
75 11 79 22 38 48 98 29 46 1 97 14 20 11 71 75 14 74 40 89 25 98 68 84 14 28 52 75 69 86 41 69 89 99 12 8 90 36 93 76 7 44 10 15 69 98 26 62 39 92 49 11 70 98 60 36 100 17 101 78 19 52 6 34 68 43 52 95 60 68 93 93 3 23 19 16 42 45 33 31 1 59 64 49 34 9 11 12 68 36 57 97 65 45 9 17 57 50 98 49 32 55 48 23 90 92 28 67 39 67 26 40 99 84 92 100 64 5 99 24
5
5 6 7 3 7 8 1 2 5 8 4 5 8 8 7 2 6 3 3 6 6 5 2 4 3 2 1 1 6 3 3 6 7 1 8 2 8 4 3 2 4 7 5 2 1 6 5 4 5 5 7 7 8 3 2 7 1 5 6 6 1 7 3 1 7 5 3 4 7 7 8 3 2 5 5 6 5 8 3 6 2 8 2 2 3 3 7 6 2 2 4 3 6 1 2 7 3 5 7 6 6 3 1 3 6 5 8 7 3 3 2 5 1 8 5 8 1 2 3 6
72 19 97 15 62 99 32 33 69 46 47 23 100 11 32 53 63 88 61 60 87 14 16 34 81 68 67 41 14 70 54 84 66 69 50 34 30 31 65 57 11 46 29 72 65 79 49 90 76 62 35 34 74 83 13 4 42 68 84 26 75 87 32 49 26 87 87 62 25 35 50 101 12 29 56 46 67 34 54 30 7 34 62 41 86 93 93 7 28 87 58 61 15 5 72 61 26 45 67 65 66 67 27 55 85 47 56 17 31 85 28 65 61 61 4 101 25 36 71 86
5
6 7 1 1 4 4 1 3 4 4 2 1 5 6 4 2 3 8 7 6 8 7 5 2 3 2 7 6 3 1 4 6 2 8 5 2 8 3 7 3 1 5 1 4 8 6 1 7 5 8 4 8 7 7 6 6 6 8 5 7 8 7 6 4 7 5 3 1 8 4 3 3 3 6 8 5 8 6 5 1 1 1 4 7 7 5 3 2 8 3 2 7 2 8 1 4 4 5 8 6 4 2 4 3 2 8 2 5 3 1 6 5 7 1 8 6 6 6 8 8
7 42 90 60 44 10 54 70 19 35 23 42 53 18 77 76 79 54 98 88 54 58 20 26 85 98 51 33 78 89 54 37 41 32 55 74 51 52 32 79 27 41 16 94 59 26 5 31 12 98 60 10 25 66 28 82 56 88 55 32 59 74 41 91 55 18 31 23 54 76 96 29 1 97 6 7 12 50 64 75 63 59 82 69 57 100 11 97 74 61 40 62 80 84 49 11 17 31 55 84 81 25 45 25 9 83 14 11 26 64 25 79 64 19 47 19 88 70 77 94
5
7 3 7 4 8 7 3 2 2 2 5 1 5 5 6 4 3 3 1 7 2 3 2 6 3 5 7 3 7 3 3 4 8 2 1 8 3 7 2 6 7 1 1 3 2 2 5 8 5 8 5 1 5 3 6 1 7 5 4 6 7 1 7 5 4 7 5 1 3 1 2 4 4 8 3 7 5 1 4 5 7 1 7 7 5 1 8 7 7 5 8 4 5 8 3 7 6 7 6 5 5 5 2 7 7 2 8 6 5 1 7 5 5 2 7 5 6 4 7 7
6 45 6 67 53 23 50 6 59 54 12 14 48 50 87 94 38 68 29 81 75 59 79 22 36 81 74 94 88 26 12 1 75 36 31 39 26 28 96 57 66 63 39 52 83 83 38 71 10 3 65 60 23 33 74 29 53 86 11 42 95 28 77 12 6 25 75 6 96 61 73 79 67 31 40 70 76 24 79 27 58 62 11 69 7 51 16 93 86 22 93 59 51 80 91 76 91 34 27 72 21 23 25 61 32 10 26 101 23 17 65 89 36 53 52 70 92 101 101 2
5
4 2 6 5 3 2 5 4 8 3 5 8 4 2 4 8 3 2 3 2 5 7 3 1 2 4 5 7 1 4 5 3 5 6 5 2 5 2 1 6 5 2 2 8 4 5 8 5 8 2 1 4 7 8 6 2 1 6 7 3 3 7 2 1 4 8 3 3 6 6 4 4 1 7 4 7 7 6 2 3 6 1 5 7 7 2 4 2 3 1 6 5 4 4 2 8 2 6 5 3 1 4 1 1 6 4 5 4 6 3 3 4 3 2 6 4 8 2 4 1
96 78 34 46 24 5 14 69 44 67 34 12 94 50 85 72 84 46 12 36 53 59 6 73 52 43 89 1 9 7 28 69 93 25 62 72 41 48 3 50 37 4 35 57 58 48 5 30 25 39 60 65 84 87 101 3 59 84 60 29 5 24 1 43 81 76 59 84 49 100 67 47 22 94 9 15 10 43 12 99 9 1 38 37 5 74 5 5 54 71 72 6 28 60 74 19 96 16 56 65 43 75 6 4 52 71 83 61 43 78 20 34 72 69 80 23 47 23 48 89
5
4 8 2 1 6 5 8 4 1 4 2 7 4 5 5 8 7 3 7 8 4 6 4 7 3 1 6 4 4 5 2 7 7 4 5 3 4 2 4 5 6 2 6 1 8 7 6 3 4 3 8 8 4 6 5 4 4 1 4 8 1 5 4 1 8 3 4 2 7 7 8 1 5 4 5 2 6 3 6 2 6 5 1 7 3 6 5 3 6 4 4 7 6 6 2 5 4 1 7 2 6 8 5 7 4 5 4 3 3 6 3 1 4 4 5 7 3 8 8 5
8 41 7 1 2 83 53 72 71 34 24 3 65 15 44 100 75 76 101 4 62 91 76 64 18 41 81 27 42 41 7 67 26 12 81 16 20 4 85 89 22 98 66 80 40 98 65 53 57 99 90 86 46 96 92 15 36 95 99 12 20 72 96 29 63 61 12 29 55 5 41 66 19 62 101 95 76 28 93 26 14 36 46 81 38 91 34 98 68 88 48 91 50 4 75 54 51 42 46 7 52 45 50 51 55 13 28 77 55 14 30 68 71 40 38 64 27 71 2 40
5
6 2 6 3 5 3 3 2 3 4 3 1 8 7 1 2 2 1 1 2 6 5 1 1 6 8 2 5 1 4 7 2 2 2 4 3 6 6 7 1 6 2 5 4 2 6 8 5 6 6 8 5 7 4 3 7 6 2 3 2 5 3 2 4 7 4 7 5 2 8 6 1 1 4 4 4 1 2 6 2 1 4 8 8 5 3 7 8 1 6 4 4 5 3 5 8 1 4 4 2 1 2 1 3 6 7 4 4 8 4 5 3 4 4 5 7 1 1 3 6
46 48 71 51 48 21 28 78 69 46 95 33 36 49 22 13 44 74 84 49 44 98 83 47 13 99 81 42 84 14 96 58 39 61 2 66 21 64 33 5 98 26 16 78 27 57 39 32 96 26 57 3 59 47 64 55 71 38 19 22 63 42 28 91 72 75 32 24 77 5 96 84 88 59 16 18 52 30 13 10 100 44 23 26 76 96 17 6 18 39 37 32 74 53 76 90 79 63 9 44 85 17 84 45 82 99 34 63 42 21 4 11 79 23 101 58 37 69 52 10
5
7 8 5 5 8 7 4 2 1 5 2 8 4 1 3 4 8 5 4 1 6 8 1 7 4 1 4 2 2 7 6 4 2 3 4 2 4 5 1 8 1 6 2 5 7 4 3 1 5 1 3 2 6 6 7 7 1 8 2 7 7 6 4 3 3 3 6 5 7 1 2 4 8 6 4 1 1 8 3 3 5 3 8 2 4 3 5 4 4 2 7 4 7 4 3 5 2 4 1 1 2 4 4 8 6 6 1 5 8 6 4 1 1 8 5 2 7 6 6 6
15 66 56 71 70 55 50 25 1 96 89 37 33 22 94 4 54 57 73 79 40 87 61 53 14 29 80 21 71 81 68 20 13 57 11 12 67 30 53 82 49 78 42 55 68 73 84 94 22 46 8 75 47 58 76 95 25 19 84 41 40 82 47 22 56 98 22 85 24 11 28 56 69 77 11 49 93 56 71 11 32 9 8 42 73 94 62 70 73 48 30 88 53 34 40 72 26 88 15 26 31 35 95 93 18 26 11 72 97 43 56 10 36 56 50 25 60 77 79 99
5
3 5 6 3 6 5 6 7 5 2 1 1 2 6 5 5 8 7 3 1 8 8 8 5 8 5 3 3 7 4 2 2 5 7 1 6 1 2 1 3 3 4 3 4 5 2 3 7 7 4 4 2 4 1 5 6 6 5 6 1 5 4 8 8 5 8 3 7 7 3 6 1 6 6 6 5 2 1 3 2 4 5 8 8 4 2 4 3 3 3 6 4 4 1 6 1 7 3 4 2 5 8 6 5 3 6 2 7 4 6 7 6 8 7 8 8 1 2 6 3
35 11 7 90 75 4 96 31 35 20 29 18 14 97 94 17 57 65 85 52 101 36 71 90 19 32 92 17 66 23 93 81 76 40 41 50 32 40 100 50 97 15 62 17 17 79 76 40 52 58 98 5 59 83 51 40 42 6 18 6 42 74 34 41 72 52 10 39 29 44 43 29 26 23 98 84 88 54 13 32 60 87 72 71 28 81 28 46 63 47 99 67 5 69 54 21 24 1 47 91 75 85 75 26 94 79 67 54 36 6 37 72 14 17 53 65 61 91 53 49
5
1 6 2 5 3 1 3 4 2 7 8 7 5 7 5 5 4 4 3 6 2 1 8 5 5 6 6 6 7 2 4 7 8 6 3 4 5 3 6 1 2 1 5 8 3 1 8 4 6 6 8 1 4 1 1 3 4 7 8 2 1 6 2 1 8 8 7 6 7 3 6 2 1 6 2 7 8 8 1 8 3 5 6 6 6 1 7 7 7 3 7 3 3 7 4 2 2 2 4 4 1 7 1 2 2 6 8 3 3 2 2 4 6 4 5 4 3 3 4 4
48 72 19 39 70 10 28 48 32 59 15 59 54 96 66 54 44 6 45 85 93 34 16 11 16 16 12 80 30 50 27 97 13 61 40 45 48 10 59 78 47 84 26 101 22 20 12 85 25 35 30 73 83 24 5 92 26 14 86 47 10 16 26 7 37 30 47 70 15 68 31 20 35 21 53 96 30 84 31 36 81 68 95 23 54 39 74 95 37 4 85 33 62 48 95 84 70 15 33 55 3 69 101 32 23 82 50 9 77 58 45 61 90 75 13 46 5 13 100 74
5
3 7 2 6 5 3 6 8 8 4 6 6 1 2 8 4 2 6 8 5 6 1 6 4 7 6 6 2 4 4 4 6 6 8 2 4 7 8 6 8 3 1 2 7 7 1 3 6 2 1 7 4 7 5 1 5 2 6 6 7 4 6 7 7 8 7 7 1 2 3 6 1 6 6 6 3 2 1 2 7 6 4 1 6 4 7 6 2 2 2 8 6 7 5 8 8 8 3 5 4 6 4 3 7 1 2 6 6 5 1 8 4 5 7 2 6 2 2 1 5
39 4 55 29 24 96 15 27 58 20 75 47 39 21 9 8 84 98 77 75 74 78 90 67 57 13 19 73 73 2 36 36 49 52 95 28 91 72 59 40 30 17 89 2 99 3 76 20 51 10 83 82 73 5 83 85 57 1 55 81 60 53 95 63 13 46 48 63 100 92 88 1 35 58 59 28 71 77 76 84 63 88 83 58 76 1 32 100 70 56 82 13 39 39 66 14 83 47 33 59 40 51 82 50 81 44 31 42 78 50 78 91 96 100 51 24 73 14 39 30
5
5 2 8 7 8 6 7 6 8 3 5 3 8 4 3 5 3 1 3 3 3 4 5 8 2 4 3 8 6 7 3 1 7 2 8 3 4 3 2 5 3 4 5 1 6 4 5 2 7 7 1 3 8 7 7 5 6 6 4 2 1 2 4 1 3 8 8 4 8 8 8 2 1 5 2 8 5 1 1 3 3 1 4 7 8 1 2 7 1 3 7 3 1 6 6 2 3 2 3 7 5 5 7 3 8 2 3 4 8 6 1 6 3 2 7 3 2 2 5 4
14 21 85 1 29 32 52 15 7 100 100 28 101 66 97 82 11 62 91 23 69 5 55 59 11 83 88 44 93 90 65 44 42 56 15 23 59 3 91 20 38 83 1 79 41 93 83 65 64 83 8 56 42 1 3 99 80 70 64 65 29 54 31 74 56 99 44 100 96 28 45 34 47 55 68 75 40 79 67 22 19 13 9 49 11 84 77 37 57 97 83 34 71 55 42 40 35 26 2 83 53 35 17 21 32 19 83 93 88 37 47 97 65 10 8 82 45 20 81 17
5
4 8 4 8 1 1 3 6 8 8 7 7 6 6 4 3 2 1 4 6 6 7 1 1 4 3 4 5 8 1 8 3 8 5 4 5 8 1 7 4 1 3 8 3 5 1 1 1 6 7 2 4 1 1 5 8 1 1 7 3 3 4 4 5 1 3 1 2 1 3 8 5 8 6 7 3 2 8 6 8 4 5 1 2 4 2 3 4 8 5 8 6 5 5 5 4 1 8 6 8 4 3 8 1 7 4 3 3 4 2 4 8 5 1 6 6 8 3 4 2
72 56 7 76 97 12 13 73 52 79 29 88 35 53 47 61 24 32 48 40 80 39 44 64 52 99 74 34 100 96 27 86 44 15 91 76 5 67 14 51 82 82 97 50 30 70 3 24 41 26 39 32 31 84 6 94 4 96 84 41 86 100 41 5 99 89 12 4 66 96 31 33 37 13 22 67 6 82 27 36 54 74 57 73 25 67 83 94 11 69 77 14 3 46 97 27 45 63 64 87 13 68 54 63 18 9 42 85 86 35 44 86 26 67 46 58 20 2 46 60
5
1 4 7 3 8 2 8 8 5 8 8 8 2 2 6 4 2 2 7 8 5 8 6 1 2 5 4 2 7 8 4 6 3 4 2 8 6 8 2 8 8 1 1 5 3 1 3 3 7 3 6 7 1 4 4 8 2 4 3 3 2 4 2 7 3 7 2 5 4 6 1 1 6 5 4 7 8 6 2 5 6 8 6 8 4 8 1 3 3 8 2 7 1 4 3 7 2 1 2 3 3 2 1 5 4 4 8 7 2 5 1 4 4 2 5 8 8 1 2 1
57 89 49 37 75 40 83 101 75 17 77 42 12 22 62 77 55 90 96 96 65 17 81 33 72 2 92 61 74 42 22 55 48 99 78 65 32 83 80 30 100 87 77 85 28 18 60 58 27 59 34 75 92 67 64 33 41 1 33 53 89 34 47 6 25 78 39 35 82 40 96 37 3 45 39 92 82 30 38 34 58 4 26 67 18 60 26 25 88 14 67 50 94 87 80 56 12 34 10 43 65 38 26 78 47 44 56 98 97 101 36 21 66 52 80 12 88 85 28 81
5
2 1 7 2 1 2 3 2 7 7 6 1 6 7 4 1 8 5 1 1 7 1 8 5 7 5 6 3 6 5 1 2 2 1 4 2 2 5 8 1 4 3 8 2 6 8 6 3 2 4 1 3 6 4 8 2 7 7 5 7 8 8 8 7 4 7 2 6 6 4 2 7 5 1 6 8 4 3 5 6 7 5 8 6 2 5 7 1 6 5 7 4 1 2 7 3 7 5 5 1 1 5 1 6 6 7 5 2 1 7 6 4 1 4 8 4 1 7 5 2
10 49 30 99 60 76 14 101 94 49 33 12 27 68 8 44 76 26 5 45 27 4 57 59 26 95 48 77 53 73 56 43 26 68 11 12 35 21 96 47 6 24 67 62 92 70 22 79 73 18 35 87 38 40 56 22 64 95 38 22 26 22 46 52 66 13 18 75 43 100 64 97 82 41 89 20 79 52 12 10 45 101 15 88 99 88 70 24 63 8 61 23 88 10 44 17 3 69 47 10 55 37 67 41 4 17 3 56 2 99 89 62 101 58 41 3 28 10 29 30
5
4 1 1 5 5 6 3 3 6 1 3 1 5 6 7 5 2 1 5 2 5 4 4 6 5 6 5 8 3 2 8 3 4 5 8 4 5 7 8 8 4 1 1 1 3 8 8 5 3 7 7 8 6 6 8 1 5 5 7 7 8 4 3 3 6 5 1 8 7 2 4 4 8 1 6 5 6 2 7 4 1 6 5 6 2 8 6 6 2 3 8 6 6 8 8 1 3 7 6 7 4 2 2 3 7 4 2 7 1 8 2 4 8 7 6 5 3 3 1 3
41 84 3 40 70 86 30 88 46 73 95 20 51 13 60 8 32 81 57 4 39 31 80 13 52 58 92 12 76 70 41 42 24 71 72 5 86 53 19 101 55 33 91 79 54 8 91 79 2 8 31 16 83 96 48 41 23 90 57 85 94 69 57 26 13 20 74 19 89 31 59 70 50 65 100 86 20 48 26 33 61 40 47 55 29 92 53 24 42 32 72 17 23 10 7 39 97 91 76 72 77 93 25 87 22 62 1 33 49 21 43 12 88 60 47 51 92 25 92 94
5
5 5 2 7 5 3 5 1 3 8 8 1 8 8 7 1 5 2 5 1 4 2 7 6 1 7 2 1 7 8 6 5 5 1 7 4 7 7 1 7 1 4 6 4 4 2 5 5 1 3 1 4 4 2 4 1 5 3 7 5 6 5 1 6 7 1 1 1 3 1 6 5 7 4 4 7 4 3 4 4 7 7 8 7 8 1 4 8 6 6 1 7 2 6 3 5 2 6 2 7 8 3 1 5 1 8 8 6 6 2 1 5 1 3 6 1 8 3 7 3
14 75 32 7 15 96 65 32 7 66 7 25 63 98 23 95 26 54 41 94 69 40 69 8 81 41 24 1 41 20 65 68 62 23 30 72 95 16 43 36 42 15 64 22 78 34 90 6 17 64 83 93 46 36 44 43 9 10 81 36 100 72 50 68 87 73 92 71 48 71 45 32 41 31 101 9 66 37 9 17 40 82 93 14 71 77 12 93 3 62 11 51 99 96 37 74 65 93 17 97 42 10 38 95 32 32 86 69 9 65 7 17 33 61 90 61 68 59 19 16
5
5 7 8 6 6 7 8 6 1 1 6 3 5 5 6 7 5 6 7 1 8 6 3 1 3 2 3 3 4 5 1 1 8 2 1 6 8 7 8 6 6 1 7 8 1 3 2 4 6 3 6 7 4 2 8 4 1 5 6 2 3 7 3 6 3 5 5 2 4 5 3 1 6 1 3 7 6 7 8 6 4 3 6 7 4 5 1 2 4 8 4 6 3 6 4 3 4 3 2 3 1 4 3 2 5 4 6 3 4 3 3 7 6 6 6 1 6 8 3 6
58 46 52 26 59 68 90 22 1 17 36 72 9 65 11 51 82 36 94 66 18 85 69 49 80 56 4 36 58 31 50 95 21 54 33 14 72 101 11 54 67 52 61 53 8 12 26 6 81 85 89 29 94 13 80 93 12 2 97 7 45 4 47 71 82 91 51 38 80 98 61 27 42 16 67 40 88 36 87 2 91 3 21 97 19 66 50 17 97 89 19 81 46 87 84 100 20 10 3 45 57 56 59 47 67 76 20 84 82 11 11 5 98 83 21 11 63 68 59 13
5
6 4 3 3 4 2 7 1 5 6 7 2 7 8 6 6 3 3 3 5 5 4 1 3 8 6 1 4 4 1 5 2 6 6 5 2 1 7 2 2 8 6 8 1 8 6 5 8 7 6 5 7 3 4 3 3 4 8 6 4 3 6 7 1 1 8 4 3 4 1 3 5 4 2 2 8 7 3 2 8 6 4 5 4 3 8 5 2 1 8 2 2 7 8 6 4 7 5 3 1 3 1 4 3 8 6 3 4 7 2 1 8 3 4 8 7 3 3 3 7
45 89 6 7 50 88 7 31 51 57 12 82 44 56 80 35 59 8 74 94 23 83 16 47 15 8 31 11 4 71 58 54 34 33 14 3 85 87 12 21 52 75 8 69 86 12 100 99 21 14 101 51 41 9 17 58 59 33 23 60 19 97 56 67 101 40 47 60 58 40 40 14 2 68 80 86 67 77 76 26 12 18 24 101 22 45 56 19 33 25 89 81 19 66 81 12 52 91 39 53 30 84 48 84 80 3 26 25 9 76 93 59 46 41 55 28 87 15 79 28
5
8 2 6 6 5 8 7 4 1 5 8 5 4 7 6 6 4 6 6 2 2 6 6 8 3 1 3 1 2 2 7 4 4 8 4 1 4 2 1 6 7 6 4 2 7 8 8 2 7 2 3 4 4 1 8 4 2 1 4 7 8 5 6 1 2 7 2 5 6 1 1 6 3 8 4 4 1 7 6 7 6 3 7 4 1 3 4 5 4 8 6 2 2 5 7 2 6 7 8 7 4 1 4 4 3 7 3 5 3 8 6 6 2 8 5 5 2 3 7 3
68 29 57 12 36 91 11 31 6 22 97 99 16 100 32 54 60 81 64 18 97 74 66 53 100 79 40 6 85 76 66 51 76 76 34 44 29 76 99 57 76 72 16 68 24 31 99 83 3 94 70 69 21 25 76 81 53 2 38 4 8 53 69 70 91 90 47 25 66 9 66 93 80 99 48 62 38 45 72 31 92 16 18 33 74 40 23 95 32 18 68 32 15 74 84 19 29 77 41 12 54 33 27 52 67 67 50 63 53 67 73 5 47 20 94 60 30 95 74 92
5
1 8 3 7 5 6 4 3 4 6 8 1 1 1 4 2 4 3 2 8 4 8 4 3 2 4 7 5 7 2 3 5 7 3 5 3 7 8 7 4 1 1 2 4 7 3 5 4 3 8 5 4 8 2 6 8 8 5 4 1 6 5 8 1 5 1 3 8 7 6 4 1 8 8 5 5 3 5 6 3 5 1 3 8 5 7 6 2 7 8 2 3 5 2 7 3 1 2 5 2 1 7 2 4 8 5 6 2 7 3 5 7 1 5 1 4 7 1 3 7
54 47 97 99 93 24 2 35 68 22 37 70 60 60 41 21 44 33 70 101 83 13 34 30 93 62 60 13 48 62 94 58 28 60 36 69 52 22 59 63 48 80 99 20 31 11 82 29 50 14 34 78 29 92 87 79 98 76 23 33 22 59 61 58 61 25 66 66 90 39 63 37 32 88 66 56 29 9 66 62 61 31 68 24 3 30 26 1 32 89 12 16 42 98 11 7 21 88 94 44 11 35 22 28 49 60 93 31 84 44 74 47 87 92 85 32 65 26 76 21
5
8 8 1 7 1 8 8 2 6 5 7 4 5 6 1 3 4 1 2 5 8 7 1 8 5 1 4 1 4 7 5 3 1 1 1 8 8 1 1 3 6 4 8 8 5 4 5 4 7 5 3 4 7 2 4 3 3 4 1 3 7 1 6 6 1 4 6 4 1 1 5 8 4 6 8 1 1 4 8 3 2 1 4 1 1 8 2 3 5 3 8 2 5 5 7 4 3 2 8 3 8 3 1 8 5 6 3 7 2 3 2 2 2 8 8 1 6 7 4 4
38 100 31 100 17 44 78 44 17 72 37 29 74 50 18 88 86 88 4 23 83 29 72 91 43 38 76 80 97 36 8 41 32 60 38 76 68 21 64 74 24 52 53 13 5 97 13 34 94 53 78 47 92 33 54 86 38 8 35 32 79 55 13 16 76 64 59 18 73 58 24 32 2 64 80 9 81 99 67 79 85 38 96 59 57 98 18 87 66 79 47 91 46 78 94 67 100 1 68 57 39 94 100 28 2 36 99 73 85 31 9 30 28 99 26 45 94 26 5 26
5
6 7 8 7 2 3 7 8 6 4 7 5 2 4 7 4 7 7 4 3 2 3 7 1 6 7 7 3 1 5 4 4 7 5 3 5 1 1 6 2 5 4 2 1 6 2 7 8 8 7 2 4 5 3 8 7 4 3 7 1 1 7 8 5 6 7 8 3 8 4 8 2 8 2 3 8 3 1 4 7 4 8 2 7 2 2 3 7 1 3 3 7 2 6 2 7 1 4 4 7 4 8 4 8 3 8 2 4 5 8 1 8 1 4 5 7 2 8 6 8
10 30 78 56 17 14 66 66 58 100 28 75 59 31 90 24 55 17 67 91 11 41 2 42 60 92 38 6 24 61 51 43 37 34 67 1 3 57 72 57 59 55 76 7 57 89 92 14 65 14 92 6 49 66 2 27 94 33 55 62 12 78 3 95 10 20 76 35 11 29 12 63 22 19 36 90 71 15 10 61 26 94 70 57 62 5 47 92 70 92 74 65 34 20 63 53 36 17 61 40 99 62 85 25 60 32 22 70 65 47 86 90 36 95 42 52 89 62 51 1
5
4 6 6 3 8 1 8 6 8 3 8 1 3 2 4 3 6 6 1 2 8 5 8 3 6 5 6 5 2 1 5 1 5 3 8 3 1 1 6 7 3 2 4 7 2 2 7 8 5 3 3 8 3 8 2 6 3 8 3 7 5 2 3 1 3 8 5 8 5 6 4 1 4 3 8 8 8 3 2 3 4 6 4 5 1 8 2 6 2 8 5 3 5 5 8 1 4 6 5 4 1 3 3 7 5 5 4 6 3 8 3 2 2 4 6 8 2 4 8 6
24 97 91 101 10 1 54 28 75 94 101 75 30 91 23 77 40 100 3 64 87 100 1 12 8 5 80 51 65 4 84 15 59 26 17 27 58 70 56 15 51 63 32 24 57 5 30 2 90 48 48 76 99 33 12 27 91 18 26 16 23 66 36 28 18 14 44 31 29 93 100 30 50 39 41 47 50 21 27 48 30 57 10 24 90 42 26 57 72 69 65 43 66 65 52 2 12 16 67 10 37 73 78 35 93 11 74 74 86 89 84 3 31 48 42 6 93 29 29 79
5
4 1 4 5 5 4 4 3 3 2 6 8 7 1 4 8 4 6 1 6 7 2 5 1 4 8 1 3 3 3 2 3 1 2 8 5 6 6 5 7 5 6 6 6 5 3 6 8 6 2 4 5 2 6 8 6 3 4 7 4 6 1 5 5 2 3 7 5 2 3 2 3 7 7 3 6 3 5 2 5 5 6 3 6 7 5 8 6 6 2 5 4 5 1 8 8 1 4 6 6 4 1 6 8 2 5 8 5 1 2 5 7 1 1 2 5 2 6 1 3
21 32 37 96 56 22 76 11 81 66 5 95 47 95 67 26 3 11 14 69 34 26 78 56 19 56 55 52 74 79 16 97 83 99 7 86 74 42 3 76 73 80 73 78 4 61 91 57 33 95 3 17 13 7 98 31 88 4 23 81 57 12 43 57 47 94 88 13 93 90 88 73 54 44 66 100 69 12 13 79 40 100 94 54 72 89 94 11 84 35 79 87 43 77 96 54 7 54 31 37 20 12 3 63 85 20 22 76 4 36 5 73 34 6 69 4 54 89 56 22
5
5 2 8 1 5 4 1 5 1 2 3 5 1 6 1 3 6 2 3 2 6 2 5 2 6 6 7 2 4 8 4 4 1 1 3 7 8 3 4 2 6 4 1 7 5 3 3 6 4 3 4 7 7 5 4 6 7 1 6 1 8 7 3 5 6 5 6 3 8 6 1 8 5 2 8 4 4 4 1 4 2 2 7 2 2 5 1 6 5 1 8 2 4 6 2 7 8 4 3 8 4 1 2 8 1 8 3 5 2 2 2 2 8 5 6 3 3 4 5 4
75 38 52 31 20 72 54 85 37 81 70 38 63 76 33 76 82 18 14 51 49 89 56 38 71 66 60 84 26 21 53 81 74 79 18 74 28 21 13 95 58 1 65 28 84 34 46 10 25 68 33 29 98 16 99 11 88 52 96 21 89 31 92 30 94 78 28 26 85 75 39 18 26 17 85 30 3 54 12 19 28 60 96 39 99 35 49 39 7 72 5 42 13 96 21 12 11 65 13 65 20 33 79 78 5 89 2 92 7 36 86 96 57 96 32 36 89 57 3 26
5
6 7 3 5 1 5 6 8 5 1 6 6 4 2 8 3 5 8 6 2 5 1 5 4 8 1 8 7 6 2 4 7 3 1 2 3 7 2 8 4 8 1 5 4 2 7 4 6 2 5 4 2 5 2 2 5 1 6 3 6 4 5 7 8 8 8 6 8 6 7 5 6 5 5 2 6 7 5 7 2 1 3 3 6 3 2 2 8 1 5 2 8 3 7 7 7 8 5 8 7 6 7 7 6 1 4 1 7 3 2 7 4 3 7 8 8 7 7 4 2
53 28 13 82 51 91 60 37 2 5 25 86 69 69 49 24 37 58 2 24 10 40 79 2 82 8 73 15 58 68 49 43 80 15 46 64 88 28 100 54 73 95 66 91 74 61 43 97 98 79 52 54 74 69 47 52 33 39 7 1 68 13 48 93 59 33 39 84 75 84 83 84 2 46 17 42 65 61 13 34 60 58 4 31 74 79 65 65 60 97 101 86 39 31 85 22 50 68 65 42 76 81 5 11 48 1 11 29 48 101 12 13 62 75 68 60 59 22 38 80
5
3 6 8 4 4 1 8 8 7 4 8 8 7 3 2 3 6 4 7 5 8 6 6 8 3 6 2 1 2 5 4 5 8 2 5 8 1 1 8 8 4 4 1 7 5 4 2 4 6 4 8 7 4 7 5 4 1 1 4 2 2 1 7 6 1 2 2 8 4 5 4 2 7 4 1 4 5 2 4 5 1 3 8 6 7 2 3 1 8 5 3 5 8 5 4 7 6 2 1 8 7 8 6 4 1 7 4 6 5 7 7 4 2 8 1 6 6 6 1 3
39 38 100 69 73 24 57 50 87 33 84 79 47 69 15 61 99 38 86 75 63 12 55 73 80 67 45 73 83 32 33 8 54 23 87 12 43 34 91 84 77 100 47 96 56 84 99 51 81 66 60 75 48 50 66 79 68 85 33 77 62 97 35 15 50 73 52 82 28 15 14 72 68 8 65 85 29 46 64 45 18 13 86 90 79 68 12 92 21 24 77 91 4 74 15 37 38 34 6 86 79 65 21 66 50 100 6 83 69 54 53 2 17 34 33 20 34 2 71 54
5
3 3 2 5 3 4 6 6 1 1 5 5 3 4 3 6 2 1 1 4 5 6 8 4 3 3 7 7 3 2 8 1 5 4 4 4 1 8 5 5 4 2 7 4 8 8 7 8 1 6 4 2 6 6 3 7 7 5 7 6 2 5 8 3 1 4 2 4 3 3 5 7 1 8 3 3 4 7 8 3 3 2 8 3 8 4 2 2 7 2 3 4 8 6 5 8 7 4 5 3 3 5 7 1 5 5 5 5 4 5 3 2 5 2 8 3 7 8 6 6
76 18 101 21 44 45 53 21 40 34 3 68 41 72 16 52 8 42 44 58 57 49 57 69 91 14 83 30 13 66 30 72 88 61 34 71 101 22 62 63 45 11 15 28 96 11 45 86 10 59 25 50 101 90 43 18 55 33 7 23 8 67 80 27 15 29 40 31 9 3 46 75 18 25 73 30 3 28 13 77 55 80 80 42 68 25 48 8 42 78 64 47 80 21 2 35 63 1 98 74 55 56 58 66 77 49 57 70 8 78 41 17 16 52 32 63 25 49 64 28
5
5 3 1 8 6 2 6 1 2 4 4 6 2 6 3 1 6 8 4 6 2 2 7 7 8 4 4 4 2 3 1 8 4 3 3 1 2 3 1 2 3 8 1 8 1 5 3 1 1 5 3 5 5 2 6 2 2 6 1 8 6 6 4 2 7 3 3 4 1 5 3 5 1 2 7 1 4 3 5 4 4 1 2 7 5 3 6 3 2 8 5 7 2 2 4 4 2 6 6 2 3 7 1 7 8 5 1 1 3 7 6 4 8 1 5 3 4 1 4 6
86 84 36 23 42 26 27 51 62 4 9 42 54 48 94 90 38 101 37 77 86 73 10 27 24 42 86 7 8 76 28 23 24 65 44 101 10 20 78 91 11 59 2 3 92 39 98 21 40 81 79 56 80 48 1 26 59 20 45 61 68 90 33 64 80 59 83 93 70 77 101 25 45 77 101 27 86 58 25 73 100 63 7 77 37 14 100 64 70 87 76 48 34 85 15 99 52 86 72 26 65 32 84 71 69 87 40 61 25 28 12 34 95 31 24 29 51 69 68 53
5
3 7 2 8 8 3 2 5 8 5 4 1 4 8 6 2 3 5 8 1 1 3 4 4 4 8 8 5 2 7 8 8 1 7 8 1 8 1 8 6 4 2 8 4 1 4 8 7 5 2 2 3 8 2 8 5 4 5 4 3 1 3 3 6 3 2 5 2 6 5 8 2 1 2 4 2 4 8 3 4 3 2 1 4 2 8 3 4 8 7 2 1 1 4 2 8 1 2 1 5 1 3 3 2 2 7 3 6 5 7 1 5 3 8 7 8 8 4 6 4
97 66 40 93 33 50 100 88 38 12 60 1 76 91 15 32 58 33 70 59 2 77 82 5 87 78 62 85 3 16 65 33 7 21 55 46 11 13 18 61 19 2 64 93 61 85 7 72 88 79 44 101 14 74 90 95 32 60 32 79 12 55 2 66 75 86 5 50 20 31 80 92 101 11 48 90 4 14 33 90 82 22 26 85 68 51 8 17 85 20 51 93 63 72 1 53 34 73 70 19 84 11 44 54 83 3 89 82 76 72 7 2 101 79 17 26 79 85 96 67
5
