2 0 0 0 2
23 64 75 48 56
0
2 3 1 3 3
13 52 23 84 100
0
2 2 2 0 2
8 91 92 97 28
0
2 1 0 1 2
51 46 45 101 85
0
1 2 0 2 3
25 6 88 60 52
0
2 0 0 0 3
69 39 19 66 67
0
1 0 1 1 1
71 6 31 46 21
0
0 2 3 2 0
13 75 99 92 77
0
2 2 1 3 2
8 58 66 43 90
0
3 3 1 3 0
43 79 20 88 30
0
2 0 3 0 2
66 28 58 45 2
0
3 1 0 3 0
26 11 18 70 87
0
0 0 3 1 1
92 71 74 65 41
0
3 3 3 1 3
48 17 67 55 63
0
1 3 1 1 1
47 23 95 91 81
0
3 3 1 1 2
24 16 76 37 85
0
0 2 2 0 3
45 91 28 75 30
0
1 1 1 0 0
89 33 6 44 16
0
0 0 2 1 2
97 6 18 70 68
0
3 1 2 2 2
94 62 66 77 69
0
0 0 3 1 0
14 63 23 96 10
0
3 1 3 3 3
46 14 100 35 77
0
0 2 0 0 1
17 11 6 35 52
0
3 1 0 2 1
7 75 33 61 88
0
1 1 2 0 2
38 29 44 79 93
0
2 1 3 3 3
76 92 87 94 56
0
2 2 3 2 2
4 89 56 27 76
0
1 1 3 1 2
5 64 63 8 65
0
0 3 3 3 1
66 60 15 22 50
0
2 0 2 2 2
96 42 77 88 79
0
0 2 2 0 2
52 64 87 31 6
0
3 2 1 2 3
99 25 69 19 91
0
3 1 2 1 1
14 15 81 74 22
0
2 0 0 2 3
65 97 45 35 80
0
2 3 2 2 0
14 2 94 51 32
0
1 1 3 3 3
81 94 42 47 76
0
3 3 2 2 0
53 55 36 48 93
0
2 1 1 2 0
8 63 58 29 1
0
2 3 2 0 3
78 45 24 57 14
0
0 3 2 3 0
89 40 53 33 28
0
0 3 3 0 3
41 8 98 16 68
0
2 3 2 1 2
100 92 80 43 24
0
0 3 3 0 1
26 21 7 86 55
0
2 2 0 0 2
26 50 80 33 67
0
0 1 1 0 3
99 10 87 89 67
0
3 2 0 0 1
66 33 24 59 86
0
3 3 0 2 3
8 12 76 85 22
0
3 2 2 3 3
17 32 95 33 96
0
2 3 1 0 0
5 88 10 34 64
0
1 1 3 3 3
73 3 53 28 25
0
