4 3 7 3 0
14 37 21 37 67
5
8 1 8 8 8
61 62 34 45 34
5
4 7 8 1 3
62 9 56 64 18
5
2 7 1 6 6
20 52 56 70 94
5
0 5 3 8 8
56 10 101 18 61
5
5 3 1 5 8
60 65 8 49 100
5
6 5 6 4 1
80 25 89 47 52
5
2 1 0 6 5
72 13 75 49 28
5
5 4 4 8 4
49 64 30 64 12
5
8 1 3 1 6
54 81 79 81 33
5
4 5 5 1 6
68 68 39 32 52
5
5 3 8 6 3
68 58 3 101 33
5
5 6 8 1 1
31 15 100 14 81
5
5 8 7 6 2
52 10 22 6 4
5
7 2 2 5 4
5 91 86 41 30
5
5 0 8 4 3
4 56 91 78 18
5
4 7 3 8 6
46 29 45 60 86
5
4 3 2 5 3
62 6 71 5 93
5
0 5 4 7 5
81 77 79 67 67
5
5 2 3 1 6
19 26 72 61 59
5
5 4 2 4 2
16 42 49 47 32
5
8 7 5 6 7
34 12 73 9 3
5
5 0 5 2 3
11 88 48 1 79
5
5 1 2 0 7
55 65 50 5 9
5
5 4 0 8 8
35 21 8 44 76
5
0 6 2 7 4
45 74 9 23 86
5
3 4 2 5 7
10 73 32 18 6
5
5 1 4 4 6
2 17 100 94 45
5
4 6 1 2 4
54 4 85 34 76
5
1 2 5 7 1
46 86 26 92 29
5
4 7 7 2 5
87 3 70 64 97
5
7 2 5 7 6
49 67 29 28 85
5
5 7 5 2 7
101 30 67 16 69
5
6 7 7 3 6
68 78 21 50 40
5
0 7 0 1 4
74 87 37 12 13
5
6 1 7 0 4
54 93 73 84 7
5
3 0 2 8 4
33 46 19 77 38
5
2 0 6 1 8
93 26 2 34 87
5
2 8 8 2 1
31 87 90 50 34
5
2 4 3 0 1
17 13 32 78 52
5
2 4 8 0 3
39 45 88 16 42
5
7 8 8 0 2
38 21 72 64 99
5
6 7 8 5 2
15 55 72 54 88
5
6 2 1 3 8
64 4 95 28 5
5
4 5 1 1 0
57 84 88 78 70
5
5 2 4 1 2
11 63 95 45 78
5
2 8 7 7 2
70 67 83 32 70
5
5 1 4 6 2
27 35 2 1 94
5
2 5 7 0 1
4 41 42 39 83
5
8 2 2 4 1
34 36 58 52 27
5
