3 1 0 1 1
96 14 8 27 27
1
4 4 1 1 0
41 24 24 84 6
1
4 1 2 3 4
12 12 49 46 93
1
3 3 4 1 3
2 54 101 49 5
1
4 2 0 0 3
13 11 10 39 56
1
1 3 2 4 3
78 84 10 1 101
1
0 4 1 2 0
7 94 7 6 78
1
3 3 0 4 2
5 86 73 3 25
1
1 1 0 0 3
96 51 22 98 92
1
0 2 1 3 4
40 60 39 4 9
1
2 0 4 3 1
44 35 13 70 79
1
3 3 3 1 4
8 45 79 9 26
1
1 2 0 2 4
84 43 65 21 37
1
0 0 1 2 2
59 76 44 80 4
1
1 2 2 3 1
51 80 71 86 63
1
4 1 3 3 0
58 94 58 34 61
1
1 2 3 4 0
16 2 15 68 63
1
4 0 1 1 3
41 92 75 71 71
1
2 2 0 3 0
100 35 44 11 84
1
2 2 4 4 3
91 93 31 9 82
1
2 3 3 0 2
66 34 82 10 38
1
2 1 3 3 0
49 47 21 22 46
1
4 4 0 0 3
60 33 89 14 9
1
2 1 1 3 1
9 65 40 6 25
1
4 2 2 1 4
65 60 35 98 72
1
0 0 2 1 4
16 18 6 62 31
1
3 1 2 2 4
41 92 76 95 1
1
3 1 1 0 0
7 49 72 82 26
1
1 1 3 3 0
31 27 29 86 85
1
2 0 4 3 1
58 7 4 30 11
1
3 1 4 1 1
100 13 73 47 10
1
0 3 4 4 1
91 59 68 69 71
1
2 4 1 3 3
66 74 70 2 52
1
2 3 3 2 2
82 49 87 76 55
1
0 0 3 3 3
11 22 14 55 7
1
1 0 3 0 2
72 57 66 27 76
1
3 2 4 1 1
59 63 99 42 55
1
1 3 0 1 4
9 77 77 18 75
1
2 1 3 0 0
101 31 81 83 91
1
0 3 3 1 4
78 88 22 45 94
1
4 1 4 0 2
15 71 100 70 79
1
1 2 4 2 2
58 3 4 59 33
1
2 1 0 0 3
13 41 46 56 42
1
4 1 1 1 2
60 54 81 39 88
1
3 2 3 3 1
68 15 9 18 3
1
1 3 0 1 3
52 80 32 22 27
1
3 3 3 2 3
75 54 19 71 45
1
2 3 2 3 0
33 42 98 68 84
1
3 1 3 4 1
53 13 94 3 59
1
1 0 1 0 0
29 76 26 76 52
1
