2 2 1 3 4
27 79 67 11 51
1
1 2 2 4 2
86 10 63 63 76
1
4 1 4 4 2
64 47 3 49 59
1
1 3 1 3 2
64 28 52 74 79
1
2 2 2 2 2
24 37 43 37 9
1
1 4 2 2 1
96 98 92 55 23
1
4 2 3 3 2
24 63 30 87 93
1
1 2 1 1 4
100 93 66 54 50
1
3 4 1 4 1
59 59 86 32 15
1
2 4 1 2 3
3 93 83 31 69
1
4 3 3 1 4
23 85 74 7 25
1
1 3 1 1 2
91 44 81 49 28
1
2 2 1 2 3
98 8 30 38 19
1
3 3 3 3 2
7 78 101 14 22
1
3 4 4 2 1
16 17 83 60 95
1
1 3 2 3 2
93 16 23 88 35
1
3 3 1 2 2
62 101 100 61 66
1
1 4 1 2 4
89 100 87 93 34
1
4 3 3 2 2
66 49 96 51 101
1
2 3 3 4 3
81 61 5 30 79
1
1 1 2 2 4
21 85 46 48 4
1
3 2 3 4 3
52 17 58 3 71
1
2 2 2 2 1
25 15 76 19 50
1
4 4 1 2 2
45 64 34 7 51
1
3 1 2 3 2
80 92 89 53 60
1
3 1 2 3 2
11 82 7 13 33
1
4 2 2 3 1
12 6 59 45 85
1
4 2 3 1 2
53 48 58 10 27
1
1 2 1 2 4
27 49 76 79 23
1
2 4 4 3 1
33 74 13 71 87
1
3 2 1 3 1
2 40 44 39 48
1
2 3 2 2 4
89 23 34 21 94
1
3 3 2 1 3
66 54 3 21 18
1
3 4 2 4 3
68 39 50 52 41
1
1 4 2 1 4
25 19 63 69 65
1
3 2 2 1 2
59 40 79 76 57
1
1 4 3 4 2
61 61 14 97 59
1
3 4 1 2 2
40 43 90 15 33
1
1 1 2 4 4
44 84 93 54 46
1
3 1 3 1 2
14 19 18 22 8
1
1 3 1 2 4
27 80 68 19 93
1
4 3 1 2 4
28 19 28 82 41
1
1 1 1 4 3
93 4 41 58 58
1
2 1 3 4 4
78 60 30 74 58
1
3 2 2 4 2
74 33 97 1 78
1
2 1 1 1 3
88 68 91 41 40
1
1 2 4 3 4
73 68 28 11 26
1
2 3 4 3 4
49 84 10 50 59
1
4 2 1 2 2
56 50 10 93 89
1
3 3 4 1 3
90 57 67 20 24
1
