7 3 5 3 2
98 40 20 20 95
5
2 6 8 6 4
31 12 2 13 47
5
2 8 4 7 7
46 49 32 56 7
5
3 5 4 1 4
30 43 56 43 27
5
3 2 8 4 1
64 36 74 84 17
5
3 5 2 5 8
93 91 82 89 37
5
3 1 1 8 1
33 29 74 7 15
5
8 4 6 5 5
87 50 58 83 84
5
2 4 7 2 7
82 27 85 1 50
5
3 2 5 8 6
43 35 36 25 56
5
1 3 4 1 3
1 72 70 16 17
5
4 4 6 5 5
29 31 27 62 2
5
3 5 3 5 7
46 100 42 81 31
5
1 1 5 8 3
78 72 5 45 38
5
3 2 4 2 4
81 90 12 12 27
5
3 1 1 3 4
14 34 50 36 12
5
3 7 1 7 5
82 71 42 27 27
5
8 5 7 5 8
58 36 46 41 60
5
7 5 5 7 1
45 10 64 87 43
5
6 6 8 8 4
73 26 32 41 40
5
4 4 8 1 4
78 99 47 28 54
5
1 5 5 4 1
1 1 97 15 69
5
1 4 7 4 4
11 52 49 77 91
5
2 5 3 5 8
67 66 100 9 89
5
2 6 2 1 8
50 72 8 64 39
5
2 8 2 5 4
3 62 23 74 82
5
4 3 1 4 3
35 31 90 16 21
5
8 3 2 1 7
73 50 73 26 4
5
5 8 7 2 8
55 90 34 50 76
5
3 8 3 5 4
37 95 77 56 20
5
5 8 5 6 7
54 59 90 55 38
5
2 5 1 7 3
54 93 43 17 7
5
4 8 4 8 6
81 59 61 19 82
5
7 1 8 1 4
23 44 47 74 56
5
7 5 2 4 1
88 59 32 39 50
5
2 2 6 7 3
61 46 35 19 70
5
5 5 2 8 4
73 54 41 61 21
5
6 4 4 4 6
1 4 22 58 87
5
2 2 7 3 6
41 26 46 20 32
5
3 8 2 1 1
59 100 43 91 76
5
2 2 6 7 2
13 11 101 61 70
5
6 4 5 3 2
85 61 23 4 74
5
2 1 2 4 2
77 54 40 78 89
5
7 6 2 5 6
34 56 17 8 82
5
3 4 7 8 4
94 53 90 54 79
5
6 7 1 6 8
65 83 26 52 28
5
5 2 7 8 2
22 1 79 47 26
5
2 1 2 1 8
60 76 69 18 47
5
7 8 3 6 7
73 31 95 70 1
5
1 2 7 7 1
40 40 19 2 76
5
