1 2 2 1 2
16 94 100 32 37
0
3 1 2 2 2
2 58 34 16 63
0
3 3 1 2 2
36 24 38 55 52
0
2 1 1 1 3
66 94 31 7 40
0
3 1 3 3 3
50 98 13 86 58
0
3 1 3 2 2
85 46 65 66 2
0
1 1 3 1 2
31 72 67 33 71
0
2 3 3 2 2
36 1 15 13 31
0
3 3 3 2 3
53 99 1 63 77
0
3 3 2 1 1
30 48 77 100 43
0
2 3 2 1 3
72 78 59 35 21
0
1 3 1 1 2
25 40 64 47 80
0
1 3 2 2 1
66 14 33 67 74
0
3 1 1 1 3
61 97 40 1 62
0
1 3 1 1 3
95 84 93 29 73
0
2 3 1 2 2
89 85 61 31 32
0
2 2 3 3 2
37 83 61 10 48
0
2 1 2 3 1
71 86 57 8 29
0
3 1 2 3 3
20 101 4 79 70
0
3 3 1 1 1
59 15 80 54 5
0
3 1 1 2 2
34 60 61 4 63
0
2 2 2 2 2
85 73 77 12 22
0
3 2 1 2 1
30 12 60 91 82
0
2 3 3 2 2
20 3 66 37 35
0
2 1 3 1 1
9 7 84 66 21
0
1 3 3 3 1
18 28 56 9 65
0
1 3 1 3 1
62 89 2 76 2
0
1 3 3 2 3
101 93 65 61 30
0
3 2 1 3 1
45 60 1 3 53
0
1 3 2 1 2
59 38 13 51 62
0
2 3 3 1 1
54 22 81 51 79
0
2 3 3 2 1
51 87 43 44 81
0
1 3 1 1 2
89 14 7 54 52
0
3 2 2 1 1
3 20 21 2 15
0
2 2 2 1 1
16 45 56 32 95
0
2 2 3 2 1
81 28 86 6 53
0
3 1 1 2 3
100 57 88 52 75
0
2 3 3 3 3
84 10 47 29 26
0
3 3 1 2 1
27 39 86 65 90
0
3 1 2 1 1
40 16 94 21 53
0
2 3 2 1 2
14 58 79 21 64
0
1 3 2 3 3
88 34 33 33 28
0
1 1 2 1 3
59 82 26 99 22
0
1 3 1 2 2
73 80 3 57 32
0
3 1 3 1 2
82 42 101 4 61
0
3 1 3 1 3
7 65 55 48 50
0
3 2 2 1 2
15 62 52 68 9
0
1 1 2 3 2
89 92 39 20 40
0
2 2 2 1 2
33 35 45 4 63
0
2 1 2 2 1
54 100 80 78 57
0
