5 8 8 8 3 6 3 8 3 3 5 4 2 6 4 1 4 8 7 2 8 6 5 4 1 6 4 8 8 3 1 4 6 3 8 1 3 1 2 8 5 2 2 8 1 1 4 1 4 8 6 3 6 1 2 8 1 2 1 5 2 4 7 1 1 1 2 5 2 7 2 7 5 7 5 8 5 2 7 1
23 83 4 100 40 34 66 96 59 63 67 69 65 87 38 5 17 17 84 97 58 82 62 53 48 67 58 27 23 20 83 49 44 88 42 11 35 96 1 74 73 75 1 89 80 29 44 23 59 84 87 85 50 52 64 69 7 71 38 11 86 52 11 90 53 34 33 95 5 81 61 29 56 95 81 68 16 82 37 24
5
8 2 4 1 6 1 7 3 2 1 5 8 4 4 3 1 2 7 7 1 1 8 3 8 5 8 1 4 3 5 7 2 6 5 1 2 2 7 4 7 2 3 4 4 3 4 3 7 5 1 7 5 5 7 8 5 6 2 7 3 4 2 1 8 2 1 5 4 4 5 2 1 6 5 3 7 1 1 2 3
44 100 67 86 14 56 12 22 33 72 77 59 51 64 89 70 51 12 26 80 31 49 39 11 77 4 34 95 39 25 20 9 92 62 9 40 61 64 83 75 58 76 30 49 76 67 89 54 58 56 7 97 92 70 6 51 19 90 82 101 100 28 48 35 27 53 90 5 47 44 64 39 28 13 47 62 3 66 89 44
5
8 2 4 2 1 8 3 5 3 2 2 5 7 1 3 5 2 7 6 7 8 7 6 6 5 8 2 2 3 7 8 8 7 5 1 2 6 7 3 6 1 2 6 3 7 1 4 3 2 1 2 7 2 1 4 5 5 5 6 8 8 1 1 6 6 7 4 1 5 8 1 6 1 8 6 3 1 5 6 7
24 19 62 35 34 77 86 12 94 92 47 44 54 54 50 61 55 50 59 61 50 92 8 72 38 35 67 13 42 85 29 34 47 19 80 11 63 30 37 50 40 94 59 25 24 64 56 85 6 38 11 33 13 83 55 68 63 69 38 66 5 32 70 1 65 88 39 63 2 51 43 97 67 88 31 26 3 72 56 10
5
4 3 2 1 4 4 1 8 4 3 7 5 1 7 8 8 6 7 1 5 6 8 7 2 8 3 7 2 1 3 3 3 2 7 3 7 3 4 5 6 5 6 3 4 7 4 2 3 8 5 3 3 4 5 5 4 4 7 2 2 4 4 7 2 7 7 5 5 6 3 7 3 8 7 6 2 8 2 7 8
5 17 95 39 95 78 41 95 85 83 19 62 49 77 84 75 45 38 36 26 46 20 17 86 87 95 11 24 18 2 37 39 58 9 81 86 77 15 54 28 77 67 17 33 46 48 65 94 16 68 88 99 85 46 44 9 32 83 31 67 92 6 5 54 56 77 80 32 25 44 11 80 12 74 4 69 3 59 6 41
5
4 8 7 5 8 2 3 4 4 4 5 1 6 8 6 3 2 3 2 3 6 2 8 7 5 5 5 5 2 3 4 1 8 3 5 3 4 7 7 8 5 3 5 2 5 3 1 7 1 1 4 4 2 7 6 7 3 4 1 3 6 7 8 5 7 7 6 5 3 6 2 8 5 5 4 6 7 8 8 6
95 38 83 28 70 54 80 16 12 24 78 81 24 74 57 10 51 40 11 56 73 68 65 84 89 39 32 1 35 80 81 77 68 64 17 98 32 44 28 21 82 85 101 72 99 15 2 13 80 25 27 97 13 11 76 43 7 48 58 22 55 87 93 28 7 36 18 32 86 9 101 3 50 97 81 84 78 47 84 63
5
5 4 6 3 8 5 6 2 2 3 4 8 8 5 2 3 4 7 1 2 6 3 6 6 2 8 2 7 1 4 1 3 8 1 5 2 3 5 4 1 7 6 5 8 4 3 1 1 8 7 8 5 1 3 4 8 3 5 4 2 7 2 6 1 7 1 1 2 3 5 4 8 8 2 4 4 3 4 7 1
69 82 100 75 38 75 30 27 97 41 62 96 21 29 43 62 3 82 3 39 80 82 22 18 70 44 28 7 75 64 5 96 41 26 2 24 42 84 75 16 101 29 42 78 70 88 45 24 65 98 29 16 47 33 63 21 101 67 58 26 78 50 32 70 11 35 57 34 79 24 4 5 19 77 15 35 44 89 82 36
5
7 5 4 7 6 2 1 2 2 2 2 3 7 1 3 3 5 2 6 2 2 4 4 3 4 5 5 7 3 1 4 2 2 2 7 5 6 8 3 5 8 7 5 5 3 7 3 5 1 8 2 1 6 8 7 7 7 6 4 8 1 1 6 4 8 7 3 1 4 2 7 6 1 8 1 3 6 8 8 5
71 82 53 88 32 42 21 89 29 57 20 74 35 42 57 56 46 5 80 61 30 10 56 100 51 22 11 41 66 17 6 71 18 55 4 59 52 87 7 18 88 29 56 8 49 12 97 27 34 64 30 68 8 68 67 57 31 91 24 69 40 39 67 28 96 88 79 98 30 70 34 90 11 36 85 85 60 97 7 101
5
5 7 6 4 4 8 8 5 3 3 6 3 5 2 3 6 7 1 3 6 4 1 1 1 2 4 3 8 4 7 2 7 7 4 3 1 1 6 3 4 7 7 2 1 1 4 3 1 6 8 5 5 6 2 6 6 5 6 3 8 4 1 5 3 7 7 8 5 8 5 3 1 4 8 3 5 3 8 8 5
85 62 3 27 22 82 89 79 66 55 26 74 37 88 40 31 66 40 91 44 83 17 26 8 72 96 89 64 83 100 36 92 62 68 50 91 59 62 89 81 82 9 83 45 68 87 38 86 70 69 99 52 47 85 68 46 10 43 98 8 71 14 69 41 26 98 64 76 93 98 11 17 3 11 15 58 67 93 11 89
5
7 3 5 7 7 3 6 5 8 7 6 4 3 7 8 6 2 8 6 4 6 7 6 3 3 2 4 6 6 8 3 5 1 8 7 4 1 7 3 1 6 8 5 8 6 8 8 3 4 6 2 5 2 8 5 1 7 4 6 7 5 4 6 8 3 6 1 6 6 5 6 6 8 6 8 1 4 4 3 6
3 57 86 19 7 18 82 63 100 24 60 19 77 78 87 37 21 17 8 35 70 2 40 94 15 78 44 81 46 66 90 9 25 22 86 73 34 98 90 43 32 9 92 13 18 2 98 98 52 60 22 75 10 76 46 80 93 85 70 100 33 2 18 49 88 39 46 89 37 65 49 64 10 29 88 29 29 95 63 6
5
8 7 7 7 4 7 6 5 4 2 1 2 2 1 3 3 8 6 8 6 2 2 8 1 4 2 4 4 8 5 4 4 8 3 2 2 7 6 3 7 8 2 5 4 2 8 4 1 8 5 8 5 5 6 5 1 5 4 1 8 3 1 5 4 6 5 8 3 1 1 6 7 7 5 8 7 1 2 7 4
10 15 87 73 30 44 47 36 61 88 44 44 63 73 44 96 18 35 66 57 30 33 39 76 4 9 4 87 61 4 52 84 27 91 91 68 20 39 73 29 82 25 3 31 89 91 8 30 12 40 41 35 86 46 6 49 72 36 88 19 4 97 62 80 12 19 32 15 98 58 42 77 13 57 17 28 10 94 75 61
5
2 8 7 2 3 4 8 4 1 3 5 7 5 6 6 5 8 7 8 4 5 2 8 8 6 5 5 6 3 4 3 6 1 3 3 5 8 7 8 3 6 1 2 1 8 8 7 6 7 2 5 5 1 7 3 3 3 3 8 2 7 4 8 6 2 6 2 3 2 8 6 7 1 8 5 2 7 5 8 3
95 81 6 24 32 85 76 65 78 8 59 55 80 3 84 61 24 75 73 67 12 64 94 27 89 79 82 64 32 97 98 54 41 94 3 36 20 59 10 67 22 55 86 5 19 62 18 80 14 86 42 61 68 31 40 8 95 54 8 10 24 97 77 3 40 87 9 85 41 26 57 39 45 50 72 10 79 1 46 44
5
3 2 6 1 7 5 1 6 3 4 2 3 3 2 7 7 2 7 1 7 3 6 8 4 4 6 1 7 4 8 4 7 1 7 6 5 4 6 8 4 4 2 6 4 5 4 6 5 3 4 3 3 2 8 2 8 2 7 1 2 1 5 1 4 1 7 1 3 5 1 5 3 5 3 1 2 1 2 5 8
3 93 65 46 62 97 62 64 60 24 96 45 96 77 7 42 55 63 80 74 14 35 20 85 61 48 79 74 45 63 97 79 61 38 36 46 23 82 28 70 75 40 36 76 100 77 50 53 65 52 1 40 66 59 56 73 15 52 29 66 32 82 43 16 23 44 48 10 86 22 42 94 19 20 19 13 2 91 60 11
5
5 1 7 6 2 6 3 3 3 8 5 2 5 5 1 3 5 1 8 5 3 2 4 8 7 8 2 2 2 7 5 7 3 6 4 8 2 7 1 1 5 4 5 5 6 2 3 2 1 4 8 7 6 2 4 3 5 6 6 6 2 4 5 8 1 2 6 2 2 7 2 3 4 3 7 2 4 1 8 4
55 36 93 48 10 82 85 44 3 26 56 16 30 98 86 39 84 10 40 31 8 37 91 12 31 44 71 79 72 88 21 16 2 26 42 101 3 88 18 65 71 101 25 53 74 79 61 3 17 20 19 87 28 34 25 5 13 54 58 5 88 97 33 36 85 69 19 19 97 10 41 44 49 24 27 74 86 98 80 94
5
1 3 6 4 5 7 4 3 2 4 2 4 5 8 1 8 8 4 6 3 8 7 1 3 3 1 8 5 6 8 4 1 8 4 3 7 2 8 1 8 6 4 5 7 1 3 1 3 6 1 7 5 1 8 8 7 2 3 7 3 1 8 7 2 4 5 7 8 3 6 3 4 1 6 4 4 5 1 1 5
66 95 59 15 35 38 53 5 80 71 89 69 68 38 84 54 85 53 38 100 82 84 63 99 40 59 68 32 76 25 78 44 45 44 44 92 32 96 11 80 92 39 3 88 9 99 61 75 74 20 9 90 70 68 5 73 31 94 42 96 18 20 50 71 50 29 38 97 43 39 76 6 49 83 40 8 99 93 46 57
5
3 1 1 1 3 5 8 8 7 2 2 8 5 8 5 6 5 4 1 7 7 5 7 2 8 3 5 8 4 1 8 1 8 7 1 4 3 8 3 1 3 5 8 7 7 8 7 3 5 5 3 8 1 6 2 1 4 8 3 3 1 6 3 2 2 1 2 3 1 7 2 8 3 1 7 8 6 7 2 5
23 44 35 60 30 21 58 90 91 38 92 59 36 44 20 9 1 43 58 39 79 80 48 88 97 88 2 92 73 32 96 75 5 71 70 12 30 17 32 37 80 14 37 101 72 76 37 60 65 96 53 41 34 82 60 73 11 63 41 42 47 69 73 82 7 41 99 51 52 90 97 85 93 98 66 40 33 93 52 98
5
4 1 6 1 7 1 2 7 2 4 2 7 7 7 8 1 3 5 5 6 3 5 3 7 2 8 3 6 1 6 2 3 5 8 3 1 6 1 1 6 7 2 5 8 1 3 7 4 1 2 8 7 8 2 2 8 8 6 1 8 4 5 6 3 8 2 7 6 2 7 6 7 3 7 8 4 4 6 3 2
2 42 15 43 88 14 67 72 88 5 72 30 87 29 60 9 38 18 20 35 44 87 23 34 60 54 75 53 80 18 44 35 24 9 83 32 88 92 56 87 77 75 100 26 46 19 16 54 32 61 33 100 28 31 84 79 50 73 67 36 59 11 56 17 34 48 76 27 38 74 55 4 82 31 45 33 81 27 61 73
5
5 2 6 1 8 6 5 5 6 3 8 5 6 8 1 3 4 5 4 3 7 5 5 4 7 8 4 6 5 4 2 8 2 4 3 6 6 5 4 6 3 6 6 5 6 3 5 1 8 4 5 7 4 4 3 8 2 3 3 2 1 8 7 5 8 6 5 7 5 8 7 6 1 2 3 3 6 6 2 2
89 9 94 49 13 43 6 80 74 30 54 95 99 10 25 101 59 61 12 13 24 34 48 38 73 70 64 19 8 8 86 30 79 27 44 50 84 44 43 24 7 18 79 39 3 64 46 49 48 35 88 15 22 89 80 42 27 32 76 33 26 21 62 46 25 9 43 75 59 71 54 41 51 99 72 72 13 73 16 100
5
2 6 7 6 1 4 8 7 5 8 8 8 4 2 1 7 4 6 3 3 5 7 3 2 1 3 8 3 5 6 1 7 7 7 6 3 1 7 3 2 7 6 4 6 1 4 2 2 2 2 1 5 3 6 6 5 3 5 6 5 1 6 1 7 2 3 3 5 7 4 7 8 6 8 1 3 6 5 5 3
6 30 88 60 5 55 55 91 60 20 51 28 97 86 80 3 79 41 96 76 100 74 56 65 74 81 78 48 16 63 56 32 41 100 35 43 83 48 4 30 93 32 14 52 31 99 92 42 32 2 8 2 6 101 33 49 48 75 6 101 10 35 36 99 37 83 37 48 15 41 62 2 61 49 29 82 48 84 36 94
5
6 1 8 7 3 4 8 6 1 5 2 1 8 6 3 1 4 2 5 1 3 3 7 2 6 3 2 1 8 3 3 4 6 3 4 6 7 2 7 3 1 3 8 3 4 5 4 2 2 1 6 2 3 3 7 7 7 7 8 5 6 1 2 8 7 7 4 2 2 4 4 6 3 2 4 6 2 6 7 4
100 98 66 47 32 16 17 99 79 11 14 25 48 24 68 38 45 51 93 82 58 69 97 1 19 30 87 42 70 74 4 61 36 32 70 20 10 54 37 51 98 4 28 79 90 35 46 69 55 12 38 75 15 41 30 93 22 53 76 60 9 57 53 68 36 51 44 92 86 72 36 39 35 77 84 65 43 55 71 17
5
4 1 5 6 5 3 2 8 7 3 4 5 6 3 1 8 4 6 1 4 7 8 6 7 5 4 7 5 8 1 6 5 2 7 3 3 6 3 5 8 1 3 2 3 8 8 1 1 2 7 4 6 5 4 3 3 1 7 6 3 7 7 2 6 1 2 3 6 8 8 6 1 7 1 6 6 7 4 4 8
40 16 96 5 53 57 62 86 42 55 96 38 1 20 82 66 58 13 78 69 48 2 51 6 39 60 86 33 38 12 59 44 9 69 92 96 17 43 16 37 69 54 17 85 70 22 21 98 70 77 85 42 70 46 57 74 42 98 83 37 64 62 54 101 38 68 7 81 69 66 81 14 45 52 27 20 31 4 19 55
5
2 3 3 8 1 6 4 7 4 6 2 4 3 1 2 6 7 3 7 7 2 3 4 3 6 1 7 8 2 1 8 4 8 5 1 5 1 7 4 7 6 1 2 3 6 3 2 2 4 2 1 4 2 5 2 8 1 2 3 8 8 2 8 5 4 8 8 5 7 2 5 5 2 4 3 8 4 6 3 5
59 94 9 70 91 38 38 101 3 32 99 65 54 64 42 94 1 95 78 44 28 24 84 79 94 56 5 22 10 86 59 35 4 11 81 33 58 91 57 75 61 101 83 93 30 22 97 95 84 12 73 2 90 7 71 44 16 17 89 37 18 68 8 21 37 10 35 90 61 21 38 54 24 79 55 29 77 89 1 25
5
6 7 4 3 1 2 6 2 5 2 6 2 4 4 2 8 2 8 1 7 2 3 2 1 1 8 6 5 5 7 8 3 7 8 2 6 1 7 1 6 2 6 4 5 3 1 2 3 1 2 3 3 2 6 3 3 8 6 3 3 1 6 1 5 5 7 4 2 6 5 7 4 1 4 8 1 5 2 8 8
89 82 7 57 91 27 54 4 64 14 47 36 16 63 95 97 8 34 15 72 65 65 31 101 68 65 28 43 68 25 68 1 48 75 37 55 100 86 19 33 52 22 67 24 80 59 98 100 65 5 21 23 66 14 37 3 42 96 61 60 20 80 96 6 83 84 19 66 45 90 79 93 65 26 81 73 28 24 41 26
5
4 6 3 2 8 8 6 7 7 4 7 8 5 6 6 3 3 6 7 7 1 2 1 8 7 3 6 3 2 7 2 8 3 4 7 2 2 8 4 8 2 5 4 3 3 4 6 7 2 7 1 5 4 4 2 7 1 5 3 2 4 6 5 7 4 5 2 6 7 1 2 3 1 3 3 5 3 4 7 3
76 89 70 18 35 93 58 86 70 46 2 56 52 36 56 15 35 83 72 28 68 76 38 101 35 10 37 93 72 42 81 8 10 24 93 100 56 91 70 86 47 41 41 9 68 34 62 60 80 95 70 95 17 75 80 49 18 56 79 82 19 62 55 76 49 48 61 19 78 60 68 53 81 31 96 76 13 45 77 48
5
4 1 8 7 2 3 5 1 4 5 1 3 5 1 8 5 4 3 2 1 1 8 3 2 4 3 2 2 8 5 1 6 5 1 4 3 4 2 7 2 2 4 7 6 7 8 4 6 2 4 2 2 8 4 7 7 2 5 2 6 8 7 2 3 1 2 7 7 2 5 2 3 6 5 5 4 1 8 8 3
90 15 80 50 90 69 42 13 33 73 29 46 89 80 54 61 73 54 67 67 66 85 24 78 76 75 56 56 76 1 43 91 39 26 2 12 64 35 60 57 38 6 4 71 23 81 39 49 55 12 10 34 51 85 52 31 86 53 98 48 99 3 6 41 36 75 53 42 72 27 89 29 68 58 77 58 88 81 37 58
5
6 1 7 1 1 5 8 8 7 3 5 7 6 3 4 8 3 2 1 6 7 1 1 4 4 1 3 2 6 8 2 3 5 3 4 8 2 3 2 2 6 5 8 1 5 3 1 8 7 2 5 3 1 4 5 2 2 1 3 3 3 6 8 7 5 1 4 4 4 5 2 1 7 7 8 8 7 1 2 3
26 59 77 38 37 6 48 23 97 87 3 94 53 21 80 14 60 94 100 9 76 90 63 48 77 15 66 83 11 31 21 59 96 65 62 9 68 23 22 26 15 33 90 73 86 29 47 36 79 19 101 9 9 26 18 94 24 25 55 30 98 67 50 36 63 4 64 56 6 7 45 20 10 38 49 51 100 65 41 71
5
8 2 5 5 3 2 3 3 6 1 4 5 3 8 4 8 6 4 3 8 5 2 1 7 8 8 2 5 2 5 6 4 4 1 7 5 6 5 2 5 5 1 6 1 7 7 3 8 6 1 4 5 7 1 2 6 8 2 1 4 1 6 6 3 4 8 1 2 7 2 3 4 8 5 2 3 2 8 3 8
25 26 15 69 56 12 90 81 58 9 92 53 4 69 8 39 75 72 33 19 88 79 30 44 79 63 21 32 75 99 8 62 27 8 80 36 72 73 89 83 59 25 29 95 28 47 79 53 64 75 59 64 1 9 9 86 60 37 72 83 15 3 35 41 87 76 84 36 54 54 3 88 84 89 47 90 24 89 89 58
5
3 5 5 5 8 7 1 4 3 8 4 7 6 8 7 7 6 3 7 6 6 5 1 5 6 8 6 8 4 3 5 7 1 5 8 6 1 7 4 6 3 5 8 3 1 5 7 2 6 8 6 7 7 4 3 1 3 7 8 2 5 4 7 6 8 2 2 1 1 3 8 2 7 5 8 6 2 6 8 5
71 12 57 75 26 89 42 87 11 88 87 9 34 20 54 35 63 73 46 42 2 98 75 50 6 72 85 35 75 88 80 38 14 11 26 18 12 81 13 73 79 60 38 100 16 19 41 47 61 88 47 11 95 29 100 37 5 83 54 78 87 66 38 45 33 10 10 91 27 93 43 37 27 18 32 25 10 50 21 27
5
8 8 5 6 4 3 4 5 7 6 1 6 2 7 1 1 6 6 5 4 7 8 1 8 3 8 1 4 7 6 7 1 7 6 1 7 5 4 3 8 5 1 4 6 4 6 3 7 5 6 2 8 8 6 1 1 5 5 3 3 3 4 1 4 5 7 4 1 3 2 7 1 3 8 1 7 1 8 3 7
34 43 9 11 99 92 7 19 57 81 23 36 21 65 9 53 61 41 82 31 17 27 44 1 25 64 62 80 27 3 71 95 31 20 35 93 21 38 78 2 28 49 47 68 6 12 48 61 15 62 47 53 35 18 44 62 11 22 2 27 9 11 47 17 53 42 57 34 36 52 77 79 27 60 62 19 17 43 15 37
5
4 8 5 6 2 4 6 2 7 1 2 5 1 4 8 8 6 7 3 8 4 2 5 6 3 7 1 7 2 2 1 8 2 6 3 3 4 3 8 4 3 3 1 6 6 3 8 1 5 8 1 1 6 8 8 4 3 3 6 4 2 3 5 4 2 8 6 8 5 1 1 7 1 4 5 6 2 3 6 8
16 10 4 55 77 83 63 93 84 55 7 70 80 82 78 76 101 68 60 43 15 80 90 19 17 34 8 20 72 42 45 97 97 14 64 76 79 2 40 19 18 33 24 37 46 26 40 19 10 92 52 52 64 1 88 68 17 12 62 63 26 18 98 35 61 60 4 4 14 11 65 38 82 73 75 33 80 72 95 51
5
7 7 7 1 2 5 7 7 5 1 6 8 8 2 2 4 4 2 8 8 8 2 3 6 4 5 5 5 4 1 6 4 7 3 4 3 8 3 1 5 7 6 1 4 3 6 5 2 8 5 5 7 5 5 1 5 8 2 2 8 8 6 3 1 7 3 4 5 4 8 5 2 6 6 6 1 2 4 5 6
26 24 55 47 81 18 54 88 54 100 26 7 29 58 66 77 17 27 9 79 50 54 36 19 29 65 61 100 90 89 8 25 33 85 55 23 77 35 88 26 49 80 33 95 81 88 30 75 12 81 9 38 75 94 79 43 65 28 2 76 60 91 43 88 3 69 54 95 38 33 98 88 22 36 48 29 81 46 98 58
5
4 1 7 2 3 5 8 5 5 6 3 5 6 3 7 7 6 1 1 1 4 7 5 8 5 6 2 8 6 8 3 8 5 5 2 1 8 5 5 4 1 8 7 7 4 7 6 5 6 2 2 5 7 2 5 5 8 4 5 5 5 6 2 5 3 5 8 4 4 5 8 7 8 2 4 3 6 1 6 5
91 74 2 59 27 82 67 15 6 56 74 100 19 41 1 18 13 86 10 56 70 14 62 92 64 64 89 66 18 5 98 9 48 95 73 60 87 63 93 68 5 1 74 94 68 50 70 5 28 89 45 36 11 63 32 16 43 91 72 68 79 58 96 57 79 26 52 16 3 20 71 20 32 64 64 71 68 86 49 83
5
1 4 3 7 1 1 6 2 2 8 6 4 4 2 4 4 2 6 3 6 5 4 8 7 6 6 2 4 8 5 4 1 3 6 1 8 1 1 2 3 3 7 8 2 6 2 6 4 7 3 6 5 3 6 7 3 3 1 5 5 3 4 3 1 2 1 5 7 2 6 7 5 3 5 1 1 5 4 2 3
75 70 52 16 93 39 64 97 69 3 88 4 45 98 29 98 93 26 52 50 63 5 9 96 71 57 68 28 29 39 41 82 75 86 39 55 54 65 63 79 5 5 88 28 71 81 80 3 91 84 80 97 25 8 2 49 36 33 53 35 98 72 88 28 76 54 87 21 78 80 74 96 73 67 24 67 6 16 37 58
5
1 3 7 6 7 3 2 5 8 5 6 8 7 4 7 5 6 3 1 3 2 7 5 3 2 5 4 7 1 6 2 5 1 3 4 6 2 4 2 2 3 4 8 5 5 8 8 5 1 6 1 7 6 4 3 3 1 8 2 3 5 4 6 6 3 5 6 5 6 8 5 3 4 3 7 4 6 4 8 1
44 43 53 76 95 33 5 60 79 90 16 94 78 99 1 47 79 71 87 1 77 58 75 75 30 50 32 88 49 11 9 86 89 11 4 59 99 75 72 37 27 33 74 35 39 47 85 85 51 15 87 91 101 97 12 38 67 56 28 19 95 2 71 34 95 70 2 62 90 64 65 81 48 19 15 83 83 9 55 77
5
1 6 3 7 3 5 1 8 4 5 3 3 6 5 7 5 6 2 2 8 7 7 5 5 2 2 2 3 4 1 3 6 3 1 1 4 7 6 8 2 4 8 3 3 4 3 1 2 8 4 3 1 2 7 1 3 4 6 4 6 2 3 4 1 1 6 3 2 8 4 7 2 5 8 5 5 6 5 5 1
77 29 31 49 46 93 14 34 8 101 80 89 93 16 96 98 54 94 14 39 66 4 53 60 99 95 9 36 7 26 44 63 34 90 76 85 50 101 36 43 68 67 30 1 16 8 75 95 36 5 90 50 91 58 89 17 62 99 64 22 9 6 64 70 29 36 30 84 57 50 73 31 22 7 35 32 6 31 56 4
5
5 6 7 3 7 1 6 8 3 3 6 4 2 8 5 7 1 1 1 2 4 5 4 4 7 1 3 1 7 5 2 5 8 8 4 7 7 7 5 5 4 3 3 7 4 2 3 3 2 2 8 1 4 3 4 7 5 5 7 7 3 4 7 8 6 1 5 4 2 1 1 8 2 8 7 7 7 7 2 8
86 96 58 91 35 83 96 16 78 60 6 63 54 66 100 101 50 59 64 36 35 48 72 33 97 3 66 50 62 37 52 10 73 54 4 27 28 45 2 23 8 15 20 71 65 16 23 31 25 84 87 10 59 73 62 73 58 63 32 70 79 11 21 60 82 79 70 31 39 64 28 50 89 43 90 82 8 67 19 61
5
2 5 8 5 6 8 5 3 2 7 4 3 2 7 3 3 2 2 4 8 8 7 5 1 4 6 1 1 7 4 4 8 2 1 7 8 6 5 6 6 5 3 5 4 3 1 2 6 8 4 2 8 8 2 2 3 1 3 1 4 1 6 3 8 8 5 5 4 1 3 1 6 1 1 1 7 1 7 7 8
42 93 90 78 60 27 53 90 9 35 15 14 19 48 86 49 67 46 79 41 58 40 58 70 61 20 88 56 99 89 38 35 37 7 52 71 33 96 26 51 7 26 25 50 95 57 2 91 4 90 23 95 28 18 85 83 7 97 58 59 101 77 85 12 75 88 2 84 20 23 66 33 39 71 99 87 78 24 91 69
5
8 6 7 5 8 3 4 6 2 8 2 8 8 1 3 7 5 7 2 1 2 8 4 1 2 3 5 7 7 3 2 3 8 4 8 8 6 8 6 5 2 6 6 5 2 5 6 3 6 6 6 6 6 4 2 1 7 3 3 7 6 5 3 1 2 7 4 3 8 1 8 5 8 7 8 5 1 5 7 2
66 83 52 66 69 96 79 87 91 16 28 88 28 53 90 41 56 48 46 60 61 75 65 57 43 8 62 54 7 33 56 61 101 16 51 65 86 75 97 41 23 53 40 82 2 79 44 82 36 2 99 11 37 31 1 22 3 36 75 34 66 85 93 53 51 55 88 62 62 4 25 34 59 14 16 34 94 98 37 9
5
2 5 5 6 2 2 4 4 5 2 5 5 1 6 4 6 8 3 3 8 4 3 4 6 3 6 4 2 6 6 4 7 2 2 4 5 1 7 4 3 2 5 4 5 8 4 2 1 4 3 3 1 7 1 5 8 4 6 8 1 8 1 2 4 4 4 7 1 6 6 3 8 5 2 4 8 6 5 6 2
52 55 14 72 66 50 66 15 12 87 15 71 72 53 89 70 57 83 48 59 40 101 3 73 62 23 34 27 55 9 85 67 64 1 89 70 67 50 38 76 9 101 24 65 50 19 19 98 69 65 4 8 18 32 77 35 71 65 83 9 15 88 84 82 93 95 5 55 64 6 24 12 32 59 30 74 47 74 9 98
5
7 3 1 1 5 3 7 5 6 6 6 5 7 4 6 7 3 3 7 4 8 3 4 8 8 3 7 1 3 5 6 3 3 6 3 4 7 2 3 1 2 6 1 2 7 5 4 4 7 3 3 4 6 7 2 8 4 2 6 1 5 8 8 8 7 2 1 7 1 5 6 4 4 8 8 5 1 3 5 6
92 56 2 91 15 21 82 37 11 58 67 101 61 80 72 101 23 46 76 69 44 18 19 64 77 64 3 3 87 67 64 53 9 82 55 11 43 31 60 46 91 23 73 25 26 40 27 77 13 94 46 14 56 89 32 89 4 54 20 81 51 24 71 67 77 56 47 70 17 35 84 14 13 58 92 91 95 94 98 66
5
1 2 6 5 7 2 8 1 7 1 6 6 7 2 7 6 2 3 4 3 8 1 5 3 2 7 6 7 6 4 6 7 6 6 2 8 5 5 8 8 2 7 4 1 8 1 2 4 4 1 1 4 8 6 8 6 6 6 8 8 6 5 1 1 4 6 3 4 7 4 3 6 6 1 7 8 7 5 1 2
98 101 97 81 53 78 14 45 90 72 58 94 16 18 93 68 5 85 13 55 60 86 26 12 95 10 11 66 43 55 62 24 58 9 50 39 58 8 55 43 23 43 52 66 63 76 79 10 52 8 70 87 44 101 28 35 78 46 28 64 60 1 1 46 86 90 55 69 74 95 45 29 27 73 80 22 46 8 51 49
5
1 3 2 3 6 6 1 4 6 2 1 1 7 5 2 3 5 3 2 3 7 1 4 5 7 2 4 3 6 1 6 2 2 6 4 1 3 5 3 5 6 1 1 4 1 8 1 8 6 8 1 8 3 5 8 8 1 2 3 2 3 4 6 3 7 7 6 8 2 4 7 4 3 8 3 6 7 4 7 2
27 94 54 5 70 18 24 44 56 92 33 77 101 88 7 46 84 24 43 2 97 13 44 84 52 23 96 52 100 78 78 31 90 35 63 11 36 90 65 75 35 54 7 36 53 33 26 97 31 2 1 32 73 30 54 52 6 14 22 46 28 59 66 74 16 3 25 64 53 28 85 7 10 52 33 76 52 90 67 38
5
1 6 7 5 1 5 3 2 2 4 5 2 5 8 4 5 3 5 2 7 5 5 5 5 3 5 6 6 7 5 1 1 8 6 2 1 6 6 8 7 8 8 7 1 2 7 4 3 5 1 5 8 2 1 7 4 2 5 5 6 6 5 3 1 1 5 2 5 7 4 4 4 3 1 7 4 4 3 3 5
41 56 25 22 51 12 34 5 88 1 100 25 89 43 56 1 63 43 53 90 95 64 21 40 90 32 94 90 32 50 38 34 59 29 28 47 73 11 1 9 101 36 66 19 30 63 18 16 69 101 86 86 45 47 57 69 15 80 87 4 101 18 61 29 98 31 71 42 101 54 29 35 83 78 1 68 83 6 99 41
5
4 2 7 6 1 1 3 5 6 5 8 4 3 2 8 7 6 6 4 4 4 7 2 1 1 6 6 6 8 2 1 7 4 8 6 3 6 2 5 3 5 8 1 1 2 5 5 4 4 2 5 5 1 8 1 7 6 7 2 7 3 1 1 4 2 7 3 7 8 3 2 8 6 6 7 5 5 7 5 6
88 85 63 64 53 98 73 33 72 67 75 43 20 69 59 95 59 5 86 56 78 66 99 28 30 14 54 82 84 14 43 53 23 17 67 45 31 28 61 29 64 87 82 95 58 70 51 16 78 41 50 32 100 46 47 82 9 31 7 17 24 86 14 42 31 93 14 77 85 39 85 98 62 39 23 36 92 89 40 12
5
3 6 8 1 4 8 2 8 6 1 5 8 8 7 2 7 2 2 2 8 5 8 6 2 4 2 4 7 5 1 2 2 1 7 2 8 7 1 2 1 1 1 8 4 7 7 6 5 3 6 6 8 2 3 3 1 1 5 6 2 2 3 7 1 8 7 8 8 5 4 6 4 6 5 1 3 8 7 1 4
79 47 50 94 34 7 42 5 63 38 91 57 35 66 89 100 74 96 69 15 22 17 63 6 19 45 97 36 92 20 5 90 13 45 99 94 61 96 21 41 69 99 26 63 81 35 83 65 6 67 30 75 16 56 72 52 37 84 31 22 80 31 13 9 77 81 2 80 75 60 56 79 67 63 55 70 26 38 58 52
5
3 1 8 5 3 8 1 7 1 6 3 1 2 4 4 7 8 3 8 4 3 6 4 5 6 2 5 2 5 3 6 7 5 8 6 6 6 8 3 2 3 7 7 3 1 8 6 3 1 7 8 1 6 6 8 7 1 4 4 8 4 6 7 5 2 3 8 4 1 6 7 4 2 2 2 6 5 5 6 1
85 57 8 9 80 45 17 22 83 14 37 75 73 97 53 66 13 22 25 37 87 40 81 19 32 73 38 2 5 21 97 49 98 31 25 61 13 43 13 43 66 40 94 86 73 24 50 15 64 65 65 55 80 52 52 94 34 2 44 17 91 98 49 81 7 52 54 28 5 55 55 42 59 83 54 52 35 51 59 27
5
8 4 6 6 6 6 8 4 3 3 1 2 5 1 3 5 8 8 3 1 8 8 2 4 4 4 7 5 3 3 4 8 2 6 6 1 2 7 6 8 8 5 3 1 2 4 2 6 4 1 2 3 3 2 5 1 7 8 6 3 2 3 4 1 5 1 3 6 8 8 7 5 5 5 5 4 8 2 8 8
99 97 10 17 34 10 56 28 76 82 75 8 18 28 20 22 65 1 42 2 35 48 39 58 9 94 23 78 66 75 42 100 99 36 56 44 67 77 2 40 73 26 70 59 44 17 44 67 65 67 70 17 19 96 4 61 3 92 54 84 7 9 12 12 63 59 1 65 5 96 32 75 90 48 26 46 77 54 56 52
5
4 1 6 4 5 7 1 4 1 7 3 5 4 4 7 5 2 8 4 8 8 3 2 1 8 8 5 5 4 6 8 2 4 3 5 7 6 8 8 5 1 2 2 3 8 4 4 4 2 4 7 8 1 2 8 7 8 8 3 2 5 4 6 6 1 1 2 2 2 6 8 3 3 4 7 5 1 1 5 1
12 69 19 84 81 53 34 38 9 92 57 86 39 77 4 79 18 56 30 8 88 22 36 49 86 55 47 47 80 38 50 79 14 37 58 58 80 34 11 11 35 39 17 55 93 70 73 16 63 54 31 32 58 41 13 33 62 35 39 17 35 98 52 28 67 28 48 14 96 32 55 6 64 34 46 32 47 29 99 90
5
2 7 6 5 4 1 2 4 5 4 4 2 7 2 3 5 1 2 8 7 8 4 8 1 6 4 5 5 5 6 3 4 2 7 6 8 3 1 4 7 1 2 5 7 7 5 8 7 5 7 8 8 3 3 8 5 5 4 6 1 4 2 2 8 2 8 3 3 3 8 8 6 6 8 5 7 8 5 7 4
45 62 49 11 47 66 6 22 63 90 77 70 71 44 45 61 47 73 31 59 34 11 90 8 99 100 98 59 74 89 24 19 59 39 39 3 6 41 11 88 55 91 44 42 97 79 75 63 8 85 3 11 49 26 89 63 101 94 71 44 42 17 65 82 26 74 21 47 90 4 59 74 94 57 41 23 49 17 57 19
5
8 8 2 8 6 4 1 4 6 5 2 3 1 3 7 5 4 8 6 4 2 8 6 3 7 7 4 1 5 3 4 6 3 3 1 4 3 3 1 4 4 4 7 1 8 1 7 2 4 6 2 1 2 1 8 8 2 5 2 6 8 6 1 1 7 1 2 5 8 3 1 6 4 2 6 1 6 4 7 1
15 31 52 63 38 95 69 66 11 27 99 39 79 12 13 97 10 92 98 48 14 9 71 56 44 16 72 11 28 95 63 94 16 11 89 5 6 13 54 59 37 7 75 53 7 62 1 21 96 66 32 21 9 17 32 60 47 52 39 16 90 22 31 11 29 53 58 49 43 54 35 97 23 80 53 100 28 46 89 9
5
6 4 5 7 5 1 3 3 1 8 5 5 2 2 8 4 3 7 4 3 6 6 6 2 7 8 8 5 7 5 5 3 6 1 6 7 8 6 2 6 5 7 6 3 5 3 5 4 4 6 7 4 3 1 1 5 2 7 5 8 5 3 4 5 6 5 3 4 8 6 4 7 6 8 1 2 5 4 3 6
74 83 64 18 75 78 98 56 60 85 38 5 32 2 38 100 82 52 94 29 91 94 70 80 65 79 53 59 70 64 12 91 43 70 1 11 43 6 6 81 85 30 35 87 81 20 54 69 17 81 65 85 32 7 27 87 75 64 14 59 87 56 69 31 65 56 76 31 31 80 23 35 32 21 16 21 65 98 28 63
5
