1 3 1 2 6 3 6 5 4 6 1 4 2 2 1 5 6 2 1 1 6 6 7 6 5 4 8 8 5 3 3 2 2 3 4 4 4 6 3 4 7 5 5 6 3 8 7 7 1 1 1 1 5 6 3 5 1 1 8 7 4 1 6 2 5 5 5 6 8 6 2 3 2 8 7 5 7 2 7 5 6 3 4 7 1 1 4 8 4 4 6 2 8 5 3 1 2 1 3 7
93 11 23 38 36 10 43 52 45 62 24 53 46 71 44 40 73 68 91 39 42 31 39 68 33 49 4 89 13 31 101 84 52 84 4 65 39 98 29 73 32 84 85 84 72 75 6 90 10 36 49 94 77 11 16 30 55 66 87 100 30 35 33 69 100 98 66 93 86 41 40 43 82 61 72 96 31 62 16 83 95 85 60 49 54 11 60 55 47 26 38 79 99 41 50 6 77 98 69 32
5
5 2 4 4 2 1 6 4 3 6 6 7 3 4 5 4 5 7 7 5 4 6 5 3 4 6 4 7 4 2 8 4 3 5 1 7 2 3 2 6 3 6 1 2 3 6 5 2 1 3 8 4 2 1 1 7 7 6 1 5 4 5 3 4 2 5 7 6 4 4 5 5 3 1 8 6 1 7 5 6 8 2 6 6 7 6 5 4 4 4 8 3 3 4 2 8 7 4 3 8
82 59 43 25 31 66 31 11 15 20 83 82 12 10 72 4 98 69 87 41 84 101 82 68 41 53 2 13 89 3 9 1 19 28 48 34 66 29 9 64 77 99 84 66 65 76 22 42 71 97 56 76 98 88 84 84 84 12 38 67 85 48 62 98 17 73 39 22 82 35 71 92 51 67 99 96 60 77 76 36 50 82 95 68 55 38 37 70 36 73 66 6 96 82 30 59 64 42 19 28
5
4 2 4 3 7 1 1 2 6 8 4 8 7 1 2 8 3 8 3 4 6 4 1 3 2 6 2 3 2 7 5 7 6 2 4 4 5 4 6 3 2 4 5 3 5 6 1 6 7 7 5 1 3 3 1 7 6 2 3 8 6 1 2 6 8 7 2 7 5 8 2 7 2 8 8 6 2 7 8 5 5 4 2 5 1 1 5 4 4 8 6 4 4 4 1 1 7 8 6 2
55 43 40 38 24 33 55 16 60 59 75 15 99 101 68 97 93 23 100 61 29 64 40 18 66 88 45 22 40 81 99 30 19 64 83 71 7 83 76 22 99 62 62 26 10 60 12 74 87 17 73 90 18 69 35 33 29 66 72 83 32 101 90 76 94 17 97 15 101 9 53 77 45 48 60 91 58 69 86 62 83 100 60 62 30 37 70 68 1 82 67 67 7 4 95 25 20 3 31 90
5
8 1 5 4 8 8 5 8 2 1 4 5 2 3 8 2 2 2 2 4 1 1 6 7 8 2 1 5 7 1 1 7 1 4 2 6 4 6 3 8 5 3 3 7 3 4 4 2 5 3 4 1 4 8 6 1 8 5 5 5 3 4 3 3 8 6 4 4 7 2 7 2 5 6 3 8 8 5 3 6 7 1 5 4 5 5 1 5 1 3 8 4 7 8 2 1 6 8 5 2
22 21 92 12 20 38 30 69 26 28 42 36 8 34 37 36 98 35 8 47 99 12 100 62 94 62 44 39 8 96 17 56 37 57 47 22 81 47 86 31 86 61 17 32 18 33 23 61 75 51 19 82 73 48 87 58 5 6 4 57 90 51 101 37 61 15 31 97 67 78 60 54 36 63 10 34 19 71 91 11 66 31 90 34 98 54 80 91 32 16 70 72 97 81 45 43 88 79 41 84
5
5 4 7 8 7 2 6 1 7 7 3 3 8 3 1 6 4 6 5 4 3 8 8 7 8 6 7 7 6 5 5 7 2 3 7 1 1 8 1 5 6 6 8 6 8 3 7 5 3 8 1 8 1 2 2 4 4 8 8 3 8 7 3 2 6 4 5 5 7 5 4 5 5 5 3 5 7 8 4 1 6 7 1 4 5 8 5 4 3 5 7 4 8 2 1 8 5 5 8 8
10 99 24 99 43 53 50 96 62 4 26 32 24 41 13 97 32 34 34 86 60 37 86 55 52 17 54 42 47 4 15 18 88 97 97 89 100 25 11 19 101 67 47 73 9 3 21 44 79 90 82 86 81 53 90 48 96 12 81 53 65 82 59 29 61 48 23 45 60 59 53 48 41 50 76 25 49 64 2 60 76 37 61 54 15 39 14 74 96 42 30 31 69 68 39 16 86 86 15 70
5
1 7 6 7 8 4 5 1 8 7 6 3 4 5 4 7 8 2 7 8 3 5 4 1 2 5 2 6 6 3 7 4 5 4 6 6 8 4 8 5 3 7 4 7 3 3 8 1 6 8 6 6 8 1 1 5 1 7 5 7 6 3 5 1 4 5 3 8 3 6 8 8 8 7 6 5 1 5 6 7 2 4 3 7 6 4 1 4 3 5 2 5 6 8 1 2 2 2 7 7
12 80 59 4 88 39 2 99 43 34 51 51 85 3 67 16 68 19 78 92 3 72 38 74 36 14 35 44 66 4 1 56 74 10 33 41 3 48 99 13 57 38 76 93 44 78 77 1 93 16 20 40 81 18 41 68 82 80 77 12 84 69 35 30 21 101 66 57 27 70 95 8 35 7 90 79 62 7 27 7 1 20 34 79 90 71 55 30 21 48 35 46 92 16 6 26 71 19 93 87
5
1 6 8 5 1 1 7 8 8 5 2 1 1 2 4 2 4 8 5 1 3 3 6 6 7 3 2 1 5 3 7 2 4 6 4 8 6 7 7 5 4 6 2 1 5 2 8 1 5 2 7 4 1 7 4 3 3 8 4 3 2 5 8 7 8 5 7 6 2 3 2 1 4 2 5 6 3 3 1 3 5 5 1 3 5 8 5 2 2 8 6 8 8 7 3 8 3 6 5 1
26 51 35 42 68 70 13 82 40 39 78 64 61 96 51 81 100 9 61 14 54 17 16 3 46 63 57 20 69 61 91 64 93 54 31 88 58 80 82 61 4 22 25 76 29 62 68 95 61 22 42 13 100 85 15 15 62 23 44 73 80 2 4 72 98 19 44 12 15 2 51 24 51 30 66 76 35 94 52 55 81 1 97 63 77 73 77 40 48 80 45 87 27 81 32 48 54 92 41 54
5
7 2 2 4 5 1 5 4 3 8 3 1 5 7 4 8 4 1 3 7 8 4 7 2 3 3 6 2 8 3 6 2 3 6 3 7 4 3 7 2 6 2 1 8 6 7 5 1 7 3 6 3 8 2 7 5 6 2 7 2 8 8 5 8 5 6 1 4 2 8 2 6 3 3 3 3 2 5 8 2 1 4 5 4 5 4 7 6 8 3 4 7 7 8 7 4 2 7 3 4
58 59 4 99 58 69 53 89 101 16 5 86 53 91 84 91 8 25 9 18 68 34 22 80 23 2 9 26 85 23 24 35 8 93 41 14 16 73 46 61 51 18 49 6 55 48 32 66 10 81 22 94 46 84 11 67 80 96 88 17 12 49 13 92 42 93 48 14 92 9 4 56 101 57 74 51 9 97 36 95 66 74 69 95 89 26 85 98 55 89 7 31 78 68 59 80 96 25 62 37
5
3 8 1 5 5 4 2 3 1 6 4 2 7 8 8 8 8 8 1 6 5 6 1 2 6 7 6 8 7 2 6 5 7 6 1 5 2 3 6 2 7 2 1 6 1 8 4 2 3 6 5 8 7 8 4 5 1 3 6 7 5 1 5 8 4 6 5 5 8 3 6 8 5 3 8 1 5 1 1 1 3 4 6 5 5 6 3 2 7 1 3 1 1 1 6 1 3 3 3 4
13 66 42 24 4 12 10 51 6 76 81 3 17 57 34 7 60 79 78 66 31 62 77 43 68 17 50 39 52 9 88 58 73 44 89 38 38 67 32 14 74 18 18 9 83 37 36 96 88 32 76 12 38 92 67 46 6 23 51 87 1 47 14 4 85 7 78 75 70 52 3 40 50 98 99 61 41 92 35 14 82 14 24 55 77 24 76 17 32 44 52 68 99 40 24 84 61 87 2 46
5
4 2 5 5 8 6 1 4 8 2 5 5 8 7 6 4 4 3 1 5 6 1 6 2 5 2 5 8 3 7 7 3 7 2 1 6 6 8 1 7 8 4 8 3 8 3 5 3 8 4 4 5 1 7 2 2 2 1 8 4 2 4 5 4 7 4 6 6 8 7 7 1 8 4 3 3 4 6 2 2 8 1 2 1 3 4 1 4 2 6 6 4 3 7 1 5 7 2 4 1
50 79 38 100 98 26 31 62 43 16 43 47 101 83 4 48 14 78 61 68 22 29 71 27 89 59 65 81 38 5 43 99 52 77 34 18 47 85 13 61 97 9 73 98 74 92 79 70 87 4 80 19 5 99 56 84 79 30 14 18 57 54 46 7 45 10 93 75 89 23 36 62 7 7 17 92 87 30 59 73 50 47 91 100 57 6 80 10 5 30 88 38 38 41 69 94 92 42 3 93
5
2 8 2 3 1 5 3 4 1 4 3 6 4 7 2 7 8 5 4 5 3 4 4 7 5 3 1 2 7 5 1 8 4 4 1 5 5 3 4 5 5 3 2 8 8 8 1 8 1 3 5 8 1 8 7 5 4 6 2 1 4 1 8 3 5 2 5 8 1 8 4 7 4 1 2 4 3 2 5 4 2 3 4 4 1 7 3 7 7 6 8 7 3 2 7 6 4 5 1 4
20 46 15 77 100 8 93 51 78 50 59 57 94 79 40 95 11 76 77 12 73 56 12 22 28 74 76 88 101 62 22 18 70 89 41 24 3 44 11 51 86 30 48 66 61 96 19 90 67 9 28 54 6 87 49 64 58 16 6 53 52 88 35 88 27 8 24 25 56 65 46 46 52 33 98 48 99 64 35 72 85 68 98 48 35 40 87 27 15 6 22 99 35 45 5 93 75 93 14 71
5
3 5 3 7 5 5 5 3 5 7 1 3 3 4 2 6 7 2 3 6 4 7 2 1 1 2 1 5 6 6 1 5 3 2 7 4 4 6 2 1 5 7 4 5 2 4 3 6 7 1 6 2 2 7 5 4 2 8 3 2 3 1 7 2 4 3 8 8 4 7 3 2 8 2 7 2 7 2 4 3 4 8 7 5 8 7 4 4 4 7 3 6 3 5 5 6 5 5 2 1
78 92 68 100 28 42 58 60 88 86 9 101 12 12 52 19 91 48 57 20 55 17 59 54 72 41 15 6 50 73 75 10 48 57 65 71 89 97 34 4 37 98 41 79 4 83 9 67 34 10 98 8 24 86 32 69 78 24 56 25 41 68 86 47 55 88 30 58 21 82 43 86 76 62 55 69 5 51 18 71 42 66 60 56 87 24 71 101 92 40 36 73 4 55 97 28 43 46 97 70
5
4 6 3 1 6 4 2 8 6 7 7 4 5 2 3 1 1 4 3 7 7 8 5 3 8 5 6 1 4 4 6 1 3 4 8 4 7 2 2 2 2 1 4 8 5 3 4 1 4 4 1 3 2 7 5 4 1 6 3 6 4 1 2 4 2 6 4 3 7 1 4 6 3 5 2 7 6 5 1 3 6 5 1 1 8 3 8 2 2 7 5 7 2 8 2 8 8 5 5 8
98 14 75 89 11 85 83 74 86 101 72 70 5 97 34 2 33 67 72 12 56 8 56 33 87 12 23 57 11 7 22 19 50 82 77 91 39 46 63 22 49 34 55 40 74 12 74 80 66 49 14 71 73 71 76 91 12 29 43 94 84 59 66 33 95 48 54 10 40 48 26 101 83 29 78 85 25 52 84 85 58 31 65 78 98 72 17 81 84 76 90 83 28 24 54 62 98 97 65 42
5
7 1 7 3 3 1 4 3 3 3 1 1 7 4 5 7 7 7 7 4 6 3 1 2 3 5 6 3 4 2 4 4 7 8 4 5 4 3 6 6 3 6 6 5 2 7 1 2 7 3 1 1 5 6 2 4 8 6 7 1 6 2 3 2 5 8 3 5 3 4 7 1 8 4 6 4 2 7 7 1 4 4 8 8 4 8 3 8 8 3 3 5 5 6 6 2 7 7 2 4
77 3 91 69 2 13 63 4 12 77 24 19 52 22 41 5 81 29 87 93 22 90 90 10 92 99 44 29 16 32 17 20 99 96 8 92 9 100 14 100 4 31 28 17 82 62 42 73 12 3 60 28 16 38 15 61 32 43 38 77 47 85 52 12 72 14 81 88 75 8 46 58 5 40 89 54 88 99 57 101 24 90 83 61 39 1 27 46 84 27 30 34 5 68 36 45 56 88 22 99
5
4 3 3 6 3 3 7 4 2 1 7 7 6 1 2 6 4 8 4 4 4 6 5 1 5 5 4 7 4 3 7 7 6 7 6 8 8 5 4 3 8 2 4 2 3 6 2 8 4 2 7 1 4 4 6 5 1 8 8 2 5 4 4 4 6 8 8 7 6 6 8 7 4 1 3 6 1 4 6 2 5 6 6 7 2 2 8 8 4 5 1 1 7 2 3 5 1 5 1 2
89 86 46 99 75 6 70 2 3 46 5 67 50 98 18 72 75 65 91 77 48 99 24 31 53 14 9 13 99 15 95 19 28 31 30 98 51 29 19 82 69 4 54 60 20 30 2 33 44 61 45 90 36 59 32 73 9 80 92 98 70 3 79 9 19 56 79 29 38 33 14 91 10 29 99 9 21 53 15 36 19 7 18 50 42 11 89 74 40 62 4 11 96 57 83 76 86 15 9 45
5
5 1 2 7 4 1 5 4 4 4 8 3 5 8 4 8 5 8 5 5 5 2 2 7 5 5 4 3 6 8 8 1 8 8 5 7 5 6 5 8 3 2 6 1 1 6 4 2 7 5 5 2 4 6 2 5 6 4 2 7 7 1 1 4 1 2 2 6 2 1 5 8 2 2 3 5 1 5 3 1 8 8 1 3 7 8 4 1 5 2 6 7 2 4 4 5 4 8 6 5
60 55 100 82 11 52 65 46 14 76 29 42 14 54 90 20 101 15 66 41 82 22 39 91 53 36 35 47 25 53 57 86 67 4 37 45 47 25 49 54 76 45 71 47 89 89 101 28 17 55 84 19 12 44 66 76 37 83 80 24 30 79 41 26 99 83 55 91 16 88 81 91 84 1 32 48 98 53 33 77 14 51 89 94 95 49 10 57 6 24 43 64 51 74 62 62 39 76 98 73
5
3 8 2 6 4 1 2 6 1 8 6 1 2 4 4 2 8 3 7 1 7 1 3 3 6 6 8 5 2 3 3 3 3 8 8 3 3 2 6 5 3 7 8 2 6 7 6 8 6 5 3 8 3 3 3 1 4 5 2 8 6 5 1 6 3 5 1 7 7 6 6 7 8 7 8 4 7 7 3 1 5 6 8 2 4 4 5 4 5 4 3 5 3 6 4 5 6 8 7 2
23 70 55 70 75 96 24 37 2 52 25 39 24 18 69 54 28 21 70 86 27 76 93 85 74 14 4 12 84 33 46 7 67 16 32 96 30 41 99 6 56 33 53 22 25 3 56 38 51 88 92 16 37 94 17 80 24 83 87 26 3 71 82 10 5 91 39 28 22 29 3 13 84 99 89 42 97 18 100 12 78 47 77 31 83 49 91 14 64 12 1 44 101 82 44 17 86 72 14 69
5
3 6 1 3 6 3 3 6 8 4 2 7 8 3 5 7 5 2 4 6 1 6 3 1 1 2 3 1 5 6 7 5 7 2 3 1 1 6 1 3 6 3 3 4 2 1 6 8 4 3 8 6 3 6 5 2 6 3 2 8 6 3 6 5 2 5 6 2 1 8 8 2 1 2 1 3 4 2 8 1 5 2 6 1 2 6 3 4 5 6 1 3 5 3 2 1 3 2 4 7
22 36 31 45 93 33 59 19 85 96 30 22 59 4 87 8 29 93 9 43 35 74 96 13 21 63 48 24 3 53 25 87 77 69 84 36 84 65 32 10 16 101 30 6 100 9 67 72 62 24 1 31 97 13 16 88 58 2 32 3 37 97 64 47 19 73 59 52 84 64 46 37 62 72 27 58 36 45 67 91 68 65 67 66 56 10 47 38 56 82 88 84 76 70 7 55 79 6 81 2
5
7 4 1 4 2 6 8 6 5 2 8 1 7 6 4 2 6 1 8 6 2 5 8 3 7 3 1 8 2 1 4 8 7 8 4 3 8 6 7 5 7 5 8 8 7 5 6 8 3 5 7 1 2 1 2 5 7 7 4 3 4 2 1 1 5 4 4 2 4 6 5 6 8 7 7 5 7 2 8 8 7 4 8 4 4 7 3 5 3 5 4 7 5 4 4 8 8 3 3 2
38 75 4 9 35 9 72 17 47 66 97 63 78 101 57 66 39 95 74 2 15 29 11 67 84 15 14 76 36 24 64 83 20 34 57 61 81 43 77 65 51 20 56 2 44 90 64 54 68 53 53 7 86 46 84 58 35 9 50 71 66 100 4 54 41 92 30 78 15 32 67 59 63 70 51 63 24 35 74 41 51 80 33 57 56 35 10 10 50 88 86 57 22 73 24 45 1 32 12 33
5
4 1 5 2 2 2 7 1 6 8 8 5 5 7 8 8 8 7 8 7 5 4 6 2 7 7 8 2 7 1 7 7 8 7 7 3 4 3 2 4 5 6 5 4 4 4 1 1 3 7 1 3 6 8 6 4 8 7 4 8 2 1 8 8 1 6 1 2 6 1 4 3 5 2 3 7 3 6 8 5 7 4 6 3 8 5 6 3 5 1 7 8 7 4 6 1 6 4 8 7
95 9 44 57 74 43 6 44 58 32 100 101 51 88 21 70 97 5 66 70 8 1 20 45 63 46 30 87 4 1 78 43 7 81 87 66 97 18 38 90 69 35 23 62 78 70 47 29 37 55 85 63 16 54 56 11 88 4 27 72 4 3 17 93 47 69 34 74 7 57 39 84 57 7 45 36 87 8 29 48 29 100 11 90 68 1 76 62 17 60 59 53 89 76 92 9 6 20 63 53
5
4 8 7 5 1 5 8 2 5 3 8 7 3 5 6 3 3 5 4 2 7 2 5 1 5 5 3 3 5 8 2 1 7 3 1 6 7 5 5 7 5 4 8 6 8 7 7 5 2 1 3 3 3 1 6 6 2 6 5 1 3 8 5 2 3 1 8 3 5 7 8 5 6 7 3 3 8 3 4 2 4 5 5 4 7 7 6 5 6 3 4 1 7 3 6 4 4 3 7 5
90 91 101 70 97 89 101 51 39 85 69 39 74 50 94 92 6 56 35 56 1 81 87 66 98 6 50 12 92 42 59 77 91 73 65 69 99 8 73 2 1 78 31 46 62 29 45 91 73 34 100 90 52 42 74 26 56 15 23 21 17 96 56 57 33 30 36 60 4 53 24 38 24 71 88 53 95 31 42 59 97 37 61 9 45 59 76 36 21 85 11 27 62 87 36 26 33 49 88 11
5
5 1 2 6 8 7 3 6 4 1 2 8 5 6 7 6 6 1 8 7 3 3 6 3 1 5 1 1 1 1 2 8 8 5 8 1 5 6 5 4 2 5 8 4 1 2 6 1 1 5 6 6 8 1 8 1 8 2 5 2 2 7 2 5 6 6 7 8 4 1 8 4 3 7 8 8 5 3 8 1 1 2 6 7 1 4 3 4 4 6 7 4 5 6 8 6 5 7 3 6
1 94 43 46 58 93 84 22 12 36 75 52 52 8 49 10 20 9 47 61 40 8 34 29 93 73 49 33 2 99 51 7 101 6 52 80 97 2 99 12 99 75 100 73 84 45 77 5 26 35 11 77 15 65 86 12 48 61 92 33 72 97 18 17 98 56 16 5 17 86 53 74 11 36 63 29 80 29 16 71 33 15 21 70 57 47 100 44 15 43 21 4 36 90 51 66 70 58 12 96
5
8 2 8 2 4 4 1 6 3 8 3 7 2 2 4 4 2 5 4 7 6 8 4 1 7 7 8 1 4 6 5 3 3 3 5 3 1 8 2 8 1 7 5 5 7 5 4 6 2 5 8 3 8 3 1 2 1 3 1 6 5 7 4 5 8 8 5 3 4 4 3 2 8 2 2 2 7 3 5 1 4 3 2 6 2 8 6 6 5 3 2 7 4 1 6 2 6 5 5 1
34 9 101 5 23 14 69 66 24 80 101 78 82 84 63 92 99 64 39 53 43 70 23 100 50 7 93 25 49 23 100 81 83 15 4 40 67 46 41 3 67 55 87 9 60 26 51 66 41 3 37 66 28 73 42 35 84 11 2 28 25 77 79 50 63 60 36 93 98 30 68 2 56 6 92 86 28 45 73 24 68 91 19 31 76 77 54 33 85 95 84 6 86 83 61 22 20 62 29 51
5
3 2 1 7 7 3 1 6 7 7 2 7 6 7 4 7 5 7 8 7 8 4 7 1 4 5 4 1 1 8 1 1 5 5 8 6 7 1 6 3 7 2 8 3 4 7 7 2 6 6 8 1 2 3 1 7 2 7 4 2 4 5 6 4 1 8 5 4 8 1 8 8 3 8 5 6 1 7 8 2 3 4 1 1 4 8 2 1 2 1 7 7 1 4 8 4 8 7 7 6
10 88 52 40 63 96 92 86 13 91 28 60 3 12 85 11 12 7 74 36 89 23 58 44 100 13 44 78 48 3 60 88 99 74 9 23 70 71 25 33 7 18 81 70 54 26 22 25 68 41 44 66 53 64 75 50 57 33 100 4 75 65 8 43 36 26 33 83 44 33 2 41 19 93 17 23 73 8 8 101 67 51 48 56 11 31 99 15 76 55 27 97 69 97 98 50 1 30 50 58
5
7 2 7 1 7 4 7 6 1 8 8 8 7 1 8 2 4 6 8 5 4 2 7 4 4 6 4 7 3 6 4 6 3 7 8 1 4 4 4 2 2 5 1 6 2 8 6 4 7 4 6 3 4 7 4 3 1 2 7 1 5 6 4 1 6 4 8 4 2 2 6 5 4 5 4 6 4 8 4 2 7 2 6 3 3 6 4 6 8 5 3 6 2 4 3 6 1 8 3 8
30 76 58 2 23 51 46 15 70 7 2 67 81 24 59 90 73 81 63 18 3 101 95 57 90 10 9 67 72 33 26 40 39 8 57 71 6 16 90 15 73 26 24 48 41 80 32 35 86 43 5 49 85 40 34 76 91 29 86 71 4 3 77 36 20 33 27 9 81 77 68 67 89 32 83 74 13 49 49 54 91 60 48 30 80 32 60 93 13 82 35 44 101 24 85 14 72 34 37 63
5
2 1 2 1 8 4 2 7 1 8 3 1 7 5 4 8 7 7 6 7 7 1 3 2 5 8 3 4 5 3 2 7 5 6 4 1 5 3 5 4 7 8 7 7 4 1 3 2 6 6 1 8 3 1 1 6 4 1 5 2 3 1 5 4 1 8 4 5 4 2 7 2 3 6 1 8 6 4 5 6 4 7 5 5 3 6 2 7 5 7 8 8 4 1 5 2 8 8 2 1
72 66 29 61 52 54 81 80 83 5 53 76 95 95 36 60 36 51 38 56 66 74 84 8 75 36 26 5 2 99 60 63 78 32 59 43 78 67 42 73 61 57 73 100 97 98 23 43 80 94 95 41 77 10 42 19 82 76 59 74 90 42 92 34 61 98 85 65 31 93 32 45 16 83 31 65 60 65 76 30 74 58 37 29 47 10 77 32 100 51 99 47 46 96 75 83 78 91 15 37
5
5 1 5 5 7 7 6 2 7 8 2 7 7 6 6 7 4 3 3 6 4 8 2 6 4 6 7 8 1 8 6 7 8 2 2 4 7 2 7 6 1 1 6 2 8 8 6 2 6 6 3 8 8 1 3 5 2 6 7 3 8 3 8 4 3 3 1 6 8 3 2 4 8 5 8 7 1 4 4 4 4 1 2 3 1 5 4 1 8 1 2 7 5 2 6 5 6 6 7 3
98 26 52 45 97 75 39 6 1 51 57 56 29 73 100 87 16 78 91 1 12 50 42 78 55 84 90 75 8 48 35 66 26 59 27 63 100 94 17 41 82 56 41 82 21 60 52 48 65 52 21 89 81 17 1 1 53 93 15 69 49 18 50 55 91 63 95 33 93 21 36 64 35 19 36 36 18 88 39 93 92 74 31 56 76 20 85 87 64 89 82 97 59 4 70 21 56 17 88 84
5
2 1 7 1 1 2 5 1 8 6 2 3 2 4 4 7 4 4 8 6 6 2 3 4 3 1 3 3 3 7 5 1 1 1 2 4 6 5 4 5 5 1 8 8 6 1 5 7 3 3 4 1 5 5 2 3 1 7 1 3 1 1 4 7 7 3 5 5 7 2 8 5 1 4 4 7 8 8 3 7 4 5 8 4 1 7 1 2 1 3 2 7 4 5 1 4 8 3 6 7
99 63 76 49 82 47 8 51 97 71 7 11 61 30 24 81 97 26 50 84 11 2 82 77 73 19 68 57 95 94 57 25 64 85 27 2 19 63 35 76 84 25 47 93 29 9 89 86 56 35 88 66 13 50 95 54 88 63 90 16 96 100 80 32 42 42 33 1 92 15 70 59 17 42 2 26 1 30 37 47 53 68 101 44 47 48 96 58 71 86 30 79 9 31 4 90 78 59 82 68
5
2 5 1 7 4 8 1 3 4 3 1 4 8 2 2 2 1 4 7 6 2 5 7 4 7 4 1 3 7 6 2 8 4 3 5 2 1 3 1 2 5 7 4 3 2 4 6 5 8 4 8 7 7 5 7 5 6 6 6 6 6 8 1 4 7 2 7 2 6 5 7 5 5 2 1 2 8 2 3 6 1 5 4 4 5 4 3 3 7 7 2 3 2 5 7 3 8 4 4 2
9 7 88 40 25 67 97 5 91 26 5 87 94 1 45 83 91 42 60 84 65 28 23 15 82 68 3 90 80 32 62 42 63 97 53 15 2 22 85 34 89 9 54 9 15 85 26 86 58 71 53 94 100 54 8 49 12 24 71 61 90 50 27 48 5 39 54 21 70 69 97 46 13 59 10 7 60 91 70 86 53 4 35 95 91 100 68 86 95 50 48 23 63 12 96 98 68 19 65 9
5
2 4 4 6 6 3 6 7 7 8 2 2 7 8 7 1 8 7 3 6 7 5 3 5 1 5 7 2 4 7 7 6 2 4 4 6 1 2 3 7 3 7 1 5 4 5 1 3 3 8 5 2 6 8 2 7 3 6 5 7 7 3 4 6 1 5 3 2 5 2 2 2 2 7 5 1 6 3 2 1 3 6 3 1 5 8 1 8 1 2 7 1 3 6 5 1 6 6 3 6
34 92 87 15 10 100 49 57 49 41 36 75 87 56 9 83 49 66 19 77 12 54 47 58 30 79 91 16 75 64 5 94 86 13 60 59 10 44 67 4 86 32 73 51 42 26 48 25 62 37 73 24 79 4 9 16 61 81 80 21 45 54 58 13 9 53 47 79 66 54 66 63 64 57 87 4 13 71 51 87 80 7 22 16 5 101 22 88 19 51 63 97 90 70 59 87 92 3 96 54
5
4 2 3 8 4 6 1 5 1 4 2 2 4 2 3 4 1 3 7 6 5 8 3 7 7 3 1 8 7 8 6 5 8 5 4 4 7 7 3 2 2 2 8 8 7 2 3 5 7 1 8 4 6 4 1 6 6 8 5 7 8 6 4 7 8 8 1 1 6 5 5 5 4 2 7 7 7 2 3 2 4 1 6 4 7 2 5 5 2 7 3 4 5 3 1 6 5 1 4 5
29 48 26 71 67 57 92 52 40 2 51 52 94 94 97 95 31 9 79 53 54 86 1 91 49 43 66 94 50 53 48 57 35 92 39 10 22 79 17 54 27 84 2 49 3 11 31 22 17 56 55 39 9 67 98 98 98 88 50 73 93 28 41 89 10 47 73 25 18 46 32 26 58 63 78 38 37 15 24 41 76 64 19 42 4 90 27 85 9 68 7 96 53 29 89 42 37 41 23 25
5
6 5 2 7 4 4 2 4 4 1 6 7 6 4 1 1 4 7 8 1 8 5 3 3 5 8 2 5 5 1 3 6 6 5 3 5 5 7 1 3 8 1 8 1 3 1 6 5 6 7 1 5 3 7 8 8 8 2 6 6 6 3 1 6 6 6 1 1 4 3 5 5 5 2 7 1 6 7 1 2 6 1 4 5 2 7 3 2 4 1 3 7 4 8 8 3 7 5 6 4
53 78 12 21 53 85 62 37 84 4 6 36 95 84 97 70 9 17 88 9 37 21 94 75 42 18 45 7 47 24 40 79 59 90 31 20 89 81 31 17 5 32 65 64 38 12 5 84 31 7 84 52 22 60 4 78 46 45 58 22 21 84 17 55 33 42 38 14 66 35 2 98 11 53 51 24 83 51 62 40 6 82 23 37 8 52 89 79 13 59 32 77 10 10 94 4 72 29 49 12
5
2 7 5 2 3 2 2 5 8 6 6 6 4 6 7 3 1 1 2 8 6 6 7 4 3 6 8 7 1 1 8 5 2 5 4 6 1 2 8 7 8 6 2 2 3 3 4 4 4 1 5 5 5 7 4 2 8 3 1 2 1 5 2 8 4 2 6 8 6 2 5 7 7 1 5 4 5 3 6 2 7 1 1 6 7 8 6 1 1 7 8 2 3 2 1 5 1 5 1 8
14 28 13 64 95 11 37 67 22 4 9 68 10 40 50 37 23 97 92 85 65 33 39 57 56 14 50 19 29 22 39 68 60 27 13 42 99 101 59 101 101 39 40 74 3 29 89 40 75 45 81 30 24 56 47 82 82 42 41 41 73 40 69 97 88 21 87 15 29 87 43 44 44 77 10 83 71 90 56 79 49 42 83 23 27 96 96 61 9 47 37 14 41 99 69 47 14 59 44 32
5
2 7 2 8 1 2 5 3 5 7 3 4 5 8 8 4 3 4 8 3 1 2 2 6 2 1 3 3 6 4 6 7 1 1 6 8 7 4 6 4 1 4 8 5 7 1 2 4 3 6 1 4 6 1 7 8 8 7 2 6 8 8 1 4 7 4 5 6 6 5 1 7 6 2 6 4 8 8 3 5 7 5 5 3 1 3 8 8 1 2 2 7 7 1 2 6 1 3 3 1
7 5 6 38 57 33 90 71 32 38 15 93 7 90 27 10 8 69 4 30 52 26 8 35 11 20 99 49 3 99 39 84 3 65 77 81 8 77 26 55 86 39 24 53 4 12 49 32 43 10 12 58 45 73 48 100 2 1 67 50 62 46 19 88 13 84 54 2 19 95 23 99 27 55 78 10 56 99 23 13 65 62 41 5 73 57 53 19 78 79 32 31 93 65 86 86 79 21 69 48
5
7 8 6 8 5 4 3 1 3 1 5 3 6 4 6 1 2 2 2 2 8 1 4 1 2 2 6 7 8 1 8 5 4 1 1 5 3 8 5 7 6 4 1 7 5 4 1 4 5 4 4 1 3 5 3 6 2 6 5 2 7 4 8 3 1 2 2 4 8 1 1 3 1 7 1 6 7 7 8 3 8 2 3 4 4 1 1 7 1 4 1 3 6 7 8 4 5 4 6 1
44 28 99 20 95 13 35 17 60 62 101 82 88 87 90 75 22 91 35 5 80 97 21 16 23 18 100 40 67 84 61 41 30 32 20 54 78 22 20 11 46 63 87 86 42 72 42 24 17 71 78 90 85 28 91 48 27 38 52 28 40 76 17 95 66 16 84 20 4 84 83 44 45 92 45 14 93 23 70 53 61 67 14 80 25 33 37 18 43 59 20 45 80 39 59 40 27 51 66 38
5
6 2 2 4 1 3 4 5 3 7 7 7 7 2 1 8 4 5 3 3 5 2 3 7 3 4 3 1 3 7 3 5 3 5 2 2 2 6 2 4 2 4 7 1 1 5 7 6 8 6 5 4 6 8 5 2 4 6 3 2 5 4 1 4 5 6 3 7 3 8 8 4 6 2 5 4 7 5 3 5 5 1 3 2 1 5 2 3 1 3 3 2 7 2 6 4 1 3 6 8
79 5 56 58 17 20 89 52 19 69 17 84 25 50 78 6 21 47 49 33 84 74 82 64 55 15 21 92 7 3 90 51 75 31 30 14 81 70 63 82 55 58 5 43 18 40 94 46 17 20 55 37 6 21 100 16 50 38 101 14 92 22 48 28 24 89 43 81 65 50 16 36 85 27 28 12 55 87 62 5 96 30 58 21 101 96 45 7 97 67 98 21 42 93 43 49 59 7 35 10
5
3 4 7 2 6 5 5 1 8 4 7 8 1 2 5 6 5 7 1 2 5 5 7 7 5 5 5 3 2 7 6 3 4 2 1 7 2 1 3 5 1 6 1 7 5 3 5 5 6 4 3 7 2 6 8 3 3 3 8 5 2 5 3 5 3 6 8 3 8 6 2 3 8 3 6 6 2 4 4 4 4 7 6 6 4 5 8 6 1 4 8 1 8 2 5 8 1 3 1 6
35 50 41 2 47 44 83 57 52 81 49 62 70 29 48 15 33 72 82 15 52 20 75 55 52 83 84 97 99 63 67 46 8 97 83 17 93 52 29 65 62 57 44 20 79 49 17 62 101 58 34 78 86 35 33 29 14 80 9 16 92 79 87 50 65 72 71 36 35 90 48 13 5 64 75 98 75 100 18 74 56 94 51 27 82 32 59 84 45 33 14 92 49 49 97 51 86 56 89 94
5
6 4 3 4 4 3 8 4 3 6 1 1 5 2 1 4 1 8 1 5 2 1 6 6 7 1 1 7 3 8 1 8 4 3 7 7 6 2 4 1 3 8 2 7 5 5 6 2 2 7 3 6 3 6 1 7 1 3 1 7 6 5 3 4 6 1 7 8 2 3 1 2 5 8 7 4 1 2 1 2 6 5 6 2 5 8 8 5 1 2 1 1 3 8 7 7 5 1 3 7
9 31 64 59 80 63 75 77 8 87 81 44 76 85 26 33 14 4 22 39 12 54 30 46 82 15 78 84 92 15 79 65 9 22 91 11 66 10 101 74 13 39 74 72 36 54 92 19 60 63 61 81 54 29 59 59 41 88 23 40 6 72 12 16 60 64 71 46 36 57 61 99 28 7 45 92 82 15 45 77 7 51 77 97 71 66 75 66 99 9 1 84 92 18 42 86 83 7 59 76
5
1 7 4 5 5 1 1 8 8 4 8 6 2 4 5 4 4 2 4 3 6 5 6 5 6 6 7 3 5 5 2 1 8 4 7 3 7 1 8 3 3 1 6 4 7 3 4 4 7 6 5 4 6 1 1 3 2 2 5 2 7 3 6 1 1 2 2 5 8 3 5 2 7 8 8 3 7 8 6 3 8 6 6 4 3 1 5 5 2 3 7 3 1 4 2 6 8 3 3 3
99 64 9 35 67 27 29 19 57 48 53 42 84 24 75 31 57 59 65 64 60 26 43 47 98 96 16 97 78 99 66 79 89 3 6 73 89 98 2 1 89 94 52 87 101 51 22 5 78 63 54 93 9 30 32 57 30 50 39 89 37 26 85 7 91 44 96 89 56 38 40 43 2 26 91 62 36 79 83 7 56 13 76 90 54 19 84 63 14 78 20 62 59 36 48 51 63 18 17 49
5
4 8 5 5 2 3 8 2 1 1 2 2 4 4 1 8 5 2 4 7 6 3 2 7 3 5 1 4 3 7 8 1 6 8 1 4 3 6 1 6 2 3 2 4 5 2 8 3 5 4 3 7 2 4 2 5 7 7 6 5 4 8 4 4 3 2 5 2 1 2 7 8 4 7 2 4 7 1 3 2 7 1 1 8 7 5 3 2 6 8 8 6 3 4 1 1 7 5 7 5
74 72 32 46 1 40 87 31 51 77 86 60 62 6 96 23 88 39 82 101 12 84 66 24 10 72 86 21 21 40 17 17 20 40 35 75 61 84 41 67 23 47 55 92 12 97 26 25 32 71 58 88 48 36 34 87 2 32 84 97 72 62 18 36 97 53 88 28 28 35 85 65 78 72 67 68 51 12 86 4 100 50 40 32 3 12 12 23 45 24 62 14 99 45 74 38 22 56 3 44
5
7 7 4 6 1 6 2 2 8 5 3 2 5 4 4 1 7 4 5 4 5 1 6 2 4 3 6 8 5 2 3 2 6 7 7 2 8 2 2 4 2 7 1 8 3 7 6 4 6 3 5 7 4 7 6 8 5 5 4 1 1 1 3 3 8 6 3 6 1 8 4 2 7 1 4 2 1 4 1 7 5 4 4 2 6 2 7 3 5 2 6 5 8 3 1 5 7 5 4 8
75 39 40 11 70 29 47 51 17 84 17 92 26 101 89 77 56 11 94 67 24 27 76 37 85 19 80 35 79 54 82 38 72 43 40 61 14 97 62 61 91 62 57 64 10 28 51 26 101 82 4 100 42 34 49 95 69 32 71 25 60 93 37 96 65 36 20 69 78 67 13 38 16 32 27 63 3 10 56 23 45 34 92 41 27 69 8 86 63 77 7 82 62 12 56 52 75 40 7 66
5
8 3 6 3 7 8 1 6 4 3 5 8 4 3 5 6 8 6 7 3 6 7 7 2 5 4 2 4 5 5 7 7 1 3 6 2 2 5 3 2 8 7 4 8 2 8 3 3 7 8 2 5 8 3 5 4 7 3 3 1 4 7 4 8 1 7 8 6 5 3 7 5 6 1 6 5 4 5 2 1 8 6 5 2 7 6 6 2 4 6 6 3 7 6 2 8 3 2 3 2
26 87 9 84 44 88 79 3 81 59 3 46 87 29 66 94 72 79 11 82 50 15 45 51 80 16 52 93 70 32 101 94 39 15 20 61 100 42 29 35 43 3 4 49 35 93 71 78 71 51 54 70 77 75 93 92 79 64 72 85 8 11 33 100 21 35 34 91 25 39 38 75 86 35 84 58 59 22 29 80 63 64 53 7 78 72 45 42 11 7 8 35 74 83 41 77 11 89 75 21
5
5 1 1 3 7 4 8 6 8 7 2 7 6 6 7 4 4 6 2 3 1 5 6 5 3 6 5 2 2 3 1 6 7 4 8 2 2 6 1 7 8 1 6 1 2 3 4 6 7 6 8 1 2 7 6 8 2 5 4 5 8 6 1 6 3 3 3 3 3 8 2 6 5 5 2 7 6 5 6 4 5 7 1 8 8 7 3 2 6 8 8 3 1 7 3 6 1 3 8 2
46 49 39 89 53 34 16 8 29 24 81 27 60 84 94 1 11 75 101 51 59 57 20 86 92 49 46 60 17 29 83 79 41 86 71 80 43 19 54 2 43 101 20 39 30 89 94 86 45 10 80 99 53 89 1 82 78 58 19 20 71 75 27 16 30 74 69 29 89 8 24 39 68 58 101 44 60 20 32 39 47 70 4 20 24 91 50 20 45 85 22 84 20 99 62 84 83 2 92 68
5
4 7 6 2 6 7 3 7 5 4 5 8 7 3 5 4 4 7 8 1 7 1 4 3 4 1 4 6 6 6 7 7 3 7 3 7 1 5 6 5 4 8 6 7 8 2 7 2 1 7 7 7 3 2 4 8 8 6 8 5 3 3 3 6 2 7 6 1 2 2 4 1 7 2 3 7 2 7 5 6 1 3 1 2 5 2 4 1 7 2 4 4 8 2 4 5 5 8 7 2
30 42 47 6 44 30 5 23 32 98 83 60 23 97 11 10 23 71 59 40 84 101 72 18 54 90 69 101 39 39 101 94 37 29 91 97 75 41 80 81 16 64 92 80 9 47 65 60 16 65 17 29 94 63 28 91 6 71 38 21 79 10 67 34 98 44 87 95 59 77 99 86 6 18 44 38 90 13 40 78 45 86 94 45 30 64 41 77 90 80 70 8 34 48 16 69 43 81 78 91
5
7 8 5 7 4 1 8 8 5 8 5 8 1 3 7 5 2 5 4 8 4 5 4 2 5 4 3 2 6 3 7 3 8 4 8 7 3 2 2 2 5 7 6 3 1 2 8 1 8 4 8 1 7 6 5 8 2 7 6 5 7 1 2 5 3 3 1 7 4 6 4 3 1 1 6 2 6 1 8 1 8 5 3 6 5 1 3 7 1 1 3 8 2 3 4 6 2 3 4 8
64 100 60 98 20 33 61 24 1 3 87 70 13 19 63 29 78 40 28 77 75 66 97 61 3 51 31 31 33 77 78 25 31 98 17 15 10 16 9 34 79 66 84 71 86 11 17 78 19 32 37 7 3 75 91 52 23 88 4 87 70 73 1 3 57 97 70 101 18 92 81 79 56 76 41 69 20 27 74 12 43 70 27 6 64 84 8 73 63 51 11 70 29 84 5 100 79 12 21 74
5
3 2 2 4 6 5 3 7 7 1 6 7 1 2 4 1 2 7 4 3 5 7 8 4 5 6 3 7 7 8 2 7 8 2 7 7 7 4 1 3 8 8 4 2 4 7 3 2 3 8 8 7 6 2 2 7 3 3 8 4 7 4 6 7 6 6 3 1 2 5 2 3 6 5 4 2 2 8 4 6 2 6 6 1 2 8 5 6 6 3 1 3 4 6 2 8 2 2 5 2
39 71 95 43 1 31 53 50 10 66 22 83 10 75 72 11 50 14 91 80 81 10 92 5 30 13 24 52 12 35 4 61 98 15 78 53 7 25 87 53 16 53 16 62 79 58 93 55 66 51 32 100 64 47 27 36 73 34 66 89 20 53 25 64 15 64 69 41 101 95 18 22 28 94 54 38 1 30 64 71 23 88 42 41 76 15 7 32 12 92 88 43 79 74 68 50 16 57 74 7
5
7 8 1 1 3 4 5 6 5 5 8 2 8 5 5 4 8 7 1 6 2 8 8 4 6 4 7 8 4 3 4 2 7 7 8 5 5 1 1 2 8 8 5 6 2 6 5 6 6 8 8 8 8 5 3 2 2 4 8 3 2 2 3 8 8 2 7 8 8 1 7 8 6 6 8 8 7 6 5 7 5 6 5 2 4 4 3 1 6 2 7 3 7 6 8 2 4 3 5 8
58 30 85 91 93 18 43 59 79 45 63 18 21 21 20 96 94 99 87 42 20 44 50 2 51 70 85 58 99 97 63 3 78 20 70 55 39 29 92 18 88 29 12 33 98 52 3 66 101 2 23 7 52 77 19 83 20 72 71 29 64 84 6 75 64 64 38 61 81 12 85 76 62 94 73 54 78 75 49 51 26 26 4 5 79 23 80 52 47 99 53 23 97 23 70 68 83 28 100 86
5
4 5 7 8 3 2 4 5 2 6 2 2 5 5 4 6 6 7 5 2 8 5 7 4 6 1 1 3 6 8 6 1 6 6 2 6 1 4 7 2 4 3 7 4 1 3 1 8 7 6 6 3 1 8 5 5 4 8 5 6 1 2 1 7 8 3 4 3 6 6 7 1 5 6 4 8 4 5 4 7 6 6 3 2 1 4 3 8 1 6 3 6 4 2 6 5 6 8 5 7
27 70 33 101 7 61 90 32 68 72 14 20 61 77 101 84 21 55 59 16 2 89 69 29 47 22 23 70 25 11 21 79 98 15 36 9 99 1 60 48 101 58 3 79 47 9 79 88 24 76 24 101 21 81 86 92 59 21 15 62 70 62 26 52 46 40 79 7 85 42 23 48 17 79 20 11 48 63 3 11 21 8 69 44 87 14 67 14 67 94 64 99 30 80 88 2 18 98 21 60
5
3 4 2 8 3 6 3 6 6 7 2 3 8 2 5 6 3 7 6 3 7 4 2 7 2 8 8 6 3 5 8 3 8 8 1 3 7 1 1 3 1 4 5 6 5 6 1 7 6 4 1 5 6 8 8 3 3 8 5 8 6 2 5 7 4 4 6 2 1 6 1 6 3 7 5 3 3 2 8 5 7 6 7 7 1 7 3 5 1 8 3 8 1 1 6 3 6 4 8 6
18 81 26 53 8 100 8 36 100 53 43 45 100 42 32 87 98 15 64 19 13 81 86 74 93 5 9 28 62 3 24 59 10 74 1 91 7 52 27 60 11 72 66 73 89 32 90 51 29 31 77 81 37 42 86 58 58 27 77 94 52 1 46 60 29 31 27 64 16 101 29 53 78 90 61 3 38 29 41 93 69 55 42 84 24 6 37 55 17 11 55 87 45 13 32 87 99 70 48 71
5
2 2 5 4 8 7 6 6 6 4 7 2 2 5 6 2 2 5 5 5 8 3 7 7 5 1 7 3 6 5 7 5 1 2 2 8 7 7 8 8 2 5 1 1 6 3 4 5 6 6 2 4 1 7 3 1 4 5 6 1 7 5 3 2 4 7 5 5 1 6 1 3 7 7 3 7 5 2 1 8 2 8 4 4 8 1 7 1 5 1 2 3 8 3 6 4 5 5 3 2
70 18 81 1 82 10 40 82 18 69 92 58 63 54 85 76 56 38 71 19 92 28 12 22 22 32 20 100 17 90 98 3 23 85 96 38 96 39 53 70 7 94 99 66 44 6 80 94 51 40 26 84 87 6 49 43 36 45 15 38 38 46 15 21 78 72 91 14 73 12 92 77 85 55 18 59 70 74 53 56 12 26 35 71 37 24 75 12 91 8 54 36 91 83 89 27 26 64 83 62
5
