88 55 30 3 58
25 45 85 30 33
100
74 51 65 19 101
27 47 72 7 58
100
102 41 45 28 3
29 58 84 26 60
100
73 18 64 53 60
6 22 70 2 50
100
36 41 41 12 66
49 60 61 47 96
100
53 45 95 47 71
21 61 65 73 76
100
41 56 7 97 41
53 36 93 28 93
100
51 76 89 49 100
98 90 92 42 101
100
84 68 53 79 52
11 19 64 84 37
100
5 94 82 88 28
64 77 95 15 65
100
22 56 92 76 89
43 28 70 11 101
100
63 75 84 70 44
59 66 96 33 10
100
3 65 96 76 2
73 61 34 93 47
100
63 73 99 29 89
37 54 47 28 45
100
59 72 97 10 96
87 45 20 34 61
100
54 29 17 62 47
92 43 22 4 45
100
70 45 32 37 58
81 69 97 23 47
100
55 9 24 16 13
7 65 75 41 37
100
33 17 24 46 90
82 43 93 86 16
100
28 57 39 48 6
91 3 2 5 77
100
55 22 95 95 74
22 55 74 71 90
100
88 99 76 29 67
52 89 13 67 75
100
2 51 65 64 81
33 60 89 75 94
100
62 32 44 44 22
24 100 4 36 48
100
69 99 80 90 10
38 47 32 90 34
100
39 94 88 5 51
89 63 4 52 71
100
103 95 65 67 26
71 17 61 48 43
100
43 48 44 17 46
80 25 7 21 51
100
23 103 89 92 72
2 17 81 65 57
100
11 64 91 5 54
64 3 12 24 5
100
57 78 18 28 7
27 96 9 81 22
100
96 73 43 82 9
36 62 12 44 21
100
91 1 43 48 22
8 5 85 23 64
100
103 9 34 58 7
65 46 48 81 7
100
38 58 39 13 45
58 15 69 70 47
100
66 15 54 83 7
51 94 64 15 13
100
56 90 65 82 24
41 26 6 8 100
100
15 72 36 42 35
95 7 97 101 48
100
27 79 96 95 89
53 13 98 58 17
100
40 38 88 86 59
36 68 70 15 54
100
15 39 39 69 28
92 94 31 36 45
100
30 64 74 98 12
90 10 62 47 20
100
95 70 59 16 93
94 87 34 1 12
100
71 80 7 45 88
54 100 96 83 15
100
82 79 44 89 9
6 52 77 26 55
100
53 23 18 2 78
99 4 29 89 91
100
10 68 62 36 14
73 27 100 99 59
100
7 14 80 52 17
50 101 12 79 21
100
7 51 9 44 10
66 48 72 88 52
100
32 11 100 73 17
62 24 56 29 14
100
