6 9 20 6 3
4 58 63 27 8
20
7 22 18 11 9
31 84 24 50 18
20
15 16 10 18 14
80 95 13 14 67
20
15 19 23 16 2
16 36 10 83 82
20
1 5 8 13 16
42 71 41 67 27
20
18 16 22 16 5
79 48 68 22 46
20
1 17 3 16 22
61 85 43 38 94
20
9 9 1 14 12
83 90 40 77 50
20
1 9 10 9 18
73 87 96 85 36
20
16 9 6 8 20
84 22 8 75 18
20
13 7 8 21 15
20 13 76 93 84
20
13 20 23 8 14
26 22 93 49 20
20
8 14 11 5 12
80 29 95 11 64
20
2 1 8 7 11
81 83 48 64 4
20
9 11 2 14 19
11 52 24 4 92
20
5 22 14 7 20
96 36 20 28 62
20
2 13 23 1 15
93 73 20 67 25
20
16 9 19 10 11
55 56 6 30 75
20
5 6 22 9 20
83 80 84 85 73
20
5 18 7 7 12
39 18 46 83 50
20
18 3 9 19 13
1 61 19 84 91
20
21 4 13 19 16
74 26 18 22 28
20
12 11 9 15 9
49 29 55 51 23
20
18 6 6 13 12
66 91 11 21 86
20
17 7 21 6 13
50 32 78 46 56
20
14 13 22 15 16
79 52 86 8 74
20
3 7 1 12 6
66 67 71 50 38
20
20 8 10 22 17
87 100 85 62 48
20
8 18 14 14 14
10 8 62 62 1
20
17 10 23 11 2
49 10 54 18 11
20
5 17 8 5 22
100 43 9 67 79
20
9 5 2 13 22
26 91 24 53 24
20
11 17 2 20 6
49 91 98 35 38
20
15 6 4 11 5
70 12 56 73 47
20
16 10 22 19 12
74 55 6 45 74
20
9 1 16 1 9
75 91 12 37 25
20
11 23 11 18 20
17 37 3 94 32
20
7 1 6 20 3
97 57 91 40 24
20
8 5 16 17 3
54 29 11 53 83
20
14 4 8 17 13
92 81 24 57 29
20
14 20 20 15 2
39 51 37 80 31
20
17 22 16 23 16
77 10 10 68 51
20
9 7 13 15 14
55 60 64 11 81
20
1 14 22 14 20
88 48 57 21 27
20
11 16 23 10 3
74 9 88 77 75
20
14 7 2 12 23
91 2 100 36 23
20
5 16 22 2 9
2 54 31 3 84
20
3 18 4 12 17
82 54 8 71 89
20
17 13 17 3 16
49 58 70 11 79
20
5 20 9 20 14
49 18 99 7 6
20
